kh kp ku ep deg nsims
0 1024 0 0.5 3 30
1011438035028640.1
1011437945293628.8
1011437796182513.1
1011438184535463.5
1011438234612360
1011438136014427
1011438049493179.5
1011438117937873.6
1011438013572967.8
1011438229923332.5
1011438020801000.1
1011438213112033.2
1011438270022612.5
1011438148727216.9
1011438057081841.5
1011437998554544.5
1011438120846230.1
1011438388208342.6
1011438092123016.4
1011438009431197.6
1011438159238720.2
1011438171978229
1011438084590239.5
1011438256988000
1011438072270676.9
1011438231874957.4
1011438070534164.4
1011437938397556.5
1011438387842709.2
1011438073049527.8
