97183678359526719488
97183678359536500736
97183678359538647040
97183678359537319936
97183678359533715456
97183678359536844800
97183678359543857152
97183678359531126784
97183678359532814336
97183678359534321664
97183678359531077632
97183678359527964672
97183678359537958912
97183678359535435776
97183678359521132544
97183678359539466240
97183678359531683840
97183678359538630656
97183678359542497280
97183678359529504768
97183678359537745920
97183678359536402432
97183678359535697920
97183678359532519424
97183678359532240896
97183678359536353280
97183678359534256128
97183678359537549312
97183678359537893376
97183678359540350976
