97183678461989896192
97183678762589732864
97183679158055731200
97183678729954197504
97183678242524069888
97183678530817949696
97183678006263250944
97183678467199156224
97183678531626598400
97183678351911141376
97183678183137198080
97183678565482708992
97183678376425275392
97183678317619281920
97183678157859749888
97183678040670633984
97183678182822543360
97183678945690124288
97183678626841837568
97183677783697801216
97183678757730123776
97183678399968608256
97183678073721372672
97183678123295916032
97183678690522169344
97183678097241522176
97183677989926158336
97183678826284990464
97183678041141821440
97183678959469314048
