1011439990790419.1
1011435692929697.2
1011437516021599.4
1011437092293630.2
1011438860820530.9
1011441175035583
1011438653960622.8
1011438641351420.9
1011439456707976.4
1011439514917260.5
1011437236640197.1
1011440103771992.2
1011437289852944.5
1011436608297163.6
1011437726419503
1011439086972172.4
1011439978473557.6
1011436686825912.9
1011438939924136
1011439645960085
1011438272897709.2
1011439524343675.8
1011437528424888
1011438011602138.8
1011436754107286.2
1011441132372868.1
1011438351633631.6
1011437601779544.6
1011438510561405.4
1011436219812596.5
