1011438031110925.8
1011438304545817.9
1011437921675988.4
1011437969616055.6
1011438054229809
1011438215321761
1011437999444628.8
1011437951507128.8
1011437791504009.9
1011438203960953.6
1011437910025377.5
1011438016362542.2
1011438061112371.6
1011438001830527.9
1011438131502047.6
1011438276809872.4
1011438346140645.8
1011438161361457.5
1011437936383852.2
1011438074731453
1011438080668145.6
1011438210096402.2
1011438094320029.1
1011438270595372.9
1011438183490393.4
1011438010010999.4
1011438100845465.1
1011438178081296.9
1011437957529233.4
1011438097333868.5
