97183678359563370496
97183678359518429184
97183678359539613696
9.7183678359511e+19
97183678359501209600
97183678359547297792
97183678359550181376
97183678359545937920
97183678359528570880
97183678359537303552
97183678359537106944
97183678359518216192
97183678359499259904
97183678359539466240
97183678359534026752
97183678359559356416
97183678359537336320
97183678359549116416
97183678359534616576
97183678359517609984
97183678359552147456
97183678359583129600
97183678359536861184
97183678359518625792
97183678359538466816
97183678359503437824
97183678359540727808
97183678359530029056
97183678359558569984
97183678359498817536
