1011438178666879.1
1011438144445555.1
1011438094011490.6
1011438077335906.1
1011438153534833.4
1011438064728089.8
1011438096504271.6
1011438165419374.4
1011438103952808.2
1011438050327709.4
1011438055812510.9
1011438113176161.4
1011438155735893.9
1011438208986475.5
1011438236568331.9
1011438049244171.6
1011438043341686
1011438096898291
1011437970802652.4
1011438118667136
1011438108783431.5
1011438058399020.8
1011438078484518.1
1011438060699837.5
1011438092931791.8
1011438086201847.5
1011438149698839.8
1011438038768523.9
1011438103327323.4
1011438115546385.2
