1011438110672749.1
1011438110720251.1
1011438110695590.5
1011438110531071.1
1011438110536027.5
1011438110692773
1011438110667020.1
1011438110637951.5
1011438110661711.6
1011438111011891.4
1011438110724938.5
1011438110937204.1
1011438110614272.9
1011438110631240.8
1011438110538621.5
1011438110591945.2
1011438110765288.6
1011438110706810.1
1011438110745132.5
1011438110557797.9
1011438110568518
1011438111074266
1011438110935261.2
1011438110609175.1
1011438110847300.4
1011438110682156.9
1011438110367754.1
1011438110533913.5
1011438110652091.8
1011438110726800.1
