97183678357115109376
97183678363018067968
97183678360349229056
97183678360311496704
97183678360091344896
97183678362827603968
97183678362834141184
97183678359567958016
97183678361576062976
97183678358428893184
97183678359539826688
97183678359302209536
97183678357366472704
97183678362433798144
97183678359908630528
97183678361765920768
97183678359063101440
97183678360500928512
97183678359239147520
97183678357530886144
97183678357760802816
97183678356724744192
97183678357096136704
97183678357905801216
97183678360101945344
97183678356821819392
97183678358720905216
97183678358286663680
97183678361412468736
97183678357013037056
