1011438111091049.4
1011438107254683.6
1011438111723974.5
1011438112363079.6
1011438111117762.4
1011438108468792.5
1011438109039600.5
1011438110933714.1
1011438107387389.6
1011438108929941.6
1011438108537674.4
1011438112812131.4
1011438110611073.9
1011438108676300
1011438108286073.9
1011438110962416.6
1011438112877679.1
1011438111664465.9
1011438111279399
1011438111903383.2
1011438109833536.4
1011438109554781.5
1011438107848266.8
1011438109744213
1011438108342704
1011438109627649.6
1011438108089650.5
1011438110631515.2
1011438110747463
1011438110889374
