1011438110017234
1011438110338592.4
1011438110465049.9
1011438111024370.1
1011438110968114.4
1011438110227614.2
1011438110437629.2
1011438109963873.8
1011438111089535.8
1011438110268027.1
1011438110937602.2
1011438111024310.5
1011438109898645.1
1011438110323870.4
1011438110636504.8
1011438110912622.8
1011438111341720.9
1011438111952648.4
1011438110396141.1
1011438111399337.1
1011438109939626.8
1011438110892581.1
1011438110603004.8
1011438110907802.4
1011438109740057.9
1011438109089806.4
1011438111933842.2
1011438110844670.2
1011438110749859
1011438110023146.6
