97183678354220662784
97183678378409197568
97183678349360103424
97183678372303126528
97183678328964988928
97183678382721826816
97183678337814216704
97183678359057170432
97183678382232764416
97183678360534024192
97183678358850224128
97183678368223559680
97183678361727975424
97183678351748136960
97183678363117453312
97183678362745421824
97183678337257717760
97183678365760667648
97183678359528833024
97183678380951715840
97183678361531678720
97183678364562604032
97183678358765715456
97183678356505280512
97183678378924163072
97183678341153013760
97183678360735383552
97183678365178167296
97183678350181220352
97183678350023131136
