1011438169481443.5
1011439010714915.4
1011438106567907.1
1011439109116944.4
1011437801457230.1
1011438561386184.9
1011437777974960.1
1011438643883976.5
1011437882028285.9
1011437729462949.6
1011437527050845.8
1011438210182788.6
1011437814985806.4
1011438085942068.8
1011438599864195.5
1011438423489540.2
1011437556861539.5
1011437926669886.5
1011438407688915
1011437965611211
1011437495321391.5
1011438416669605.4
1011438721921226.8
1011439076392382.6
1011436821170869.9
1011437908222640.6
1011438183706958.2
1011438392483849.2
1011438241700343.1
1011438073231948.6
