1011438116582637.5
1011438110468095.8
1011438106118178.6
1011438103796273
1011438116884722.8
1011438110952710.1
1011438111629390.1
1011438120140854.8
1011438114138458.6
1011438103989574
1011438112139746
1011438118057842.9
1011438114530796.5
1011438107349158
1011438113417262.4
1011438099588879.4
1011438132550045.6
1011438106700941.6
1011438112402604
1011438109832203
1011438107221051.5
1011438102902579.1
1011438106108804
1011438103468563.4
1011438103690171.6
1011438110735059.1
1011438113393765.9
1011438106212124.1
1011438113566446.5
1011438112963410.1
