97183678359628316672
97183678359464968192
9.7183678359409e+19
97183678359509663744
97183678359524950016
9.7183678359332e+19
97183678359572496384
97183678359490658304
97183678359625449472
97183678359433281536
97183678359457169408
97183678359544201216
97183678359444570112
97183678359583113216
97183678359478648832
97183678359483072512
97183678359539580928
97183678359596433408
97183678359443505152
97183678359533568000
97183678359729930240
97183678359541940224
97183678359546265600
97183678359669243904
97183678359532519424
97183678359845584896
97183678359390273536
97183678359603200000
97183678359422926848
97183678359505960960
