1011438102508607.8
1011438098427741
1011438105327084.6
1011438119880389.6
1011438116193366.1
1011438143947723.4
1011438107029500.2
1011438101855481.2
1011438105279015.2
1011438093253132.9
1011438114323847
1011438087046988.9
1011438115807615
1011438098630448.8
1011438089502042.4
1011438113748031.4
1011438144825838.1
1011438084218354.8
1011438092811737.8
1011438100903644.1
1011438139151277.8
1011438101580834.8
1011438130536070.4
1011438105617488
1011438095210021.9
1011438118201950
1011438113974286
1011438104858095
1011438148898176
1011438085985134.6
