97183678359745052672
97183678358791700480
97183678359417503744
97183678359115988992
97183678359401971712
97183678361228935168
97183678359561895936
97183678359870341120
97183678359710679040
97183678359872897024
97183678359275732992
97183678360336842752
97183678359671603200
97183678359060299776
97183678359552344064
97183678358631809024
97183678360040177664
97183678359396696064
97183678359761977344
97183678359579066368
97183678359964254208
97183678359712481280
97183678359644127232
97183678358508797952
97183678359541579776
97183678359968776192
97183678360349556736
97183678359429431296
97183678361448824832
97183678359633051648
