97183678359532109824
97183678359533961216
97183678359534845952
97183678359534043136
97183678359533600768
97183678359534092288
97183678359533453312
97183678359533780992
97183678359533928448
97183678359534223360
97183678359532945408
97183678359533142016
97183678359533862912
97183678359532781568
97183678359535828992
97183678359535321088
97183678359532765184
97183678359532568576
97183678359532027904
97183678359534862336
97183678359532666880
97183678359534764032
97183678359534321664
97183678359533535232
97183678359534452736
97183678359533748224
97183678359533158400
97183678359534387200
97183678359532044288
97183678359536533504
