97183678432221757440
97183678285956202496
97183678451254476800
97183678305204158464
97183678475394252800
97183678299243528192
97183678324712112128
97183678338194980864
97183678351157575680
97183678418664505344
97183678401710325760
97183678405669945344
97183678315091247104
97183678350643773440
97183678338588442624
97183678334113939456
97183678415592046592
97183678318828355584
97183678366620336128
97183678379808505856
97183678310512869376
97183678596032462848
97183678487817256960
97183678287651848192
97183678338966044672
97183678327315922944
97183678304442515456
97183678356891140096
97183678217550594048
97183678479613771776
