1016270210007928.8
1014283335315326.4
1003186119870160.4
1012876657685528
1009117832634180.1
1011638246564760.4
1002504768587256.9
1012011043070549.6
1013486748653666.8
1017575176106100.8
1016078668832844.1
1014197540535479.1
1010858853662178.6
1015498939513990.4
1009432432270685
1013861778194693.4
1010173551985333.6
1012435625502113.4
1001069659441962.8
1012376357460988.2
1006061534294323.9
1009784805881882.6
1010644789156173.2
1008601916530631
1009749211451479.8
1011886040172533.5
1012203663829461.5
1010630364704479.1
1008679475789619
1009575441965360.1
