97158962411501486080
97228845227641716736
96989802091029315584
97405721631214845952
96962272458761306112
97149468386281586688
97173172462073577472
9.7310574101148e+19
97687711019118903296
97153806354696339456
96473378348056985600
97471814232889294848
97302042913589182464
98002895113854435328
96767779100058632192
97119890515480707072
97187892289013448704
97141706759415398400
97292353692895477760
9.6136601479677e+19
9.6967309018444e+19
96747930786019606528
96728237695755632640
96631154581030469632
96925905203531743232
97177522824879341568
98309795927530717184
96961307774039425024
97103587287365926912
97407873693107535872
