1011887382475857
1011224589412738
1011756762080817.8
1011293493493628.9
1011154100606506
1011515822296788.8
1011402729522215.8
1011403283614731.1
1011750903738232.2
1011325415169968.2
1011203443650811.9
1011288349674188.8
1011387206349595.4
1011181514710318.9
1010841747716422.9
1011440152633652.2
1011217084449872.5
1011750258307487.5
1011415294884345.4
1011264174620371.5
1010921488541408.9
1011358227135079.5
1011516234664253.8
1011620683641646
1011385625157526.8
1011187570841544.1
1011443692152926.4
1011557750984683.6
1011117841081155.4
1011827173875711.9
