96920940658246647808
96778925030038716416
97031153106520244224
97233643050162012160
97155530362688782336
97254791736769708032
97420387896021237760
96960460416781680640
96689516065904410624
97232696493618577408
97815166835492831232
97151912438136438784
97537826208697876480
97133449120087719936
98569517170438488064
97413126308576215040
97624394455597842432
97838232908288163840
98074700903739801600
97439422763231035392
97389973348052123648
97025443081801465856
97960287528436858880
97335891900089434112
96633090675343933440
96662713614232682496
97851121208887607296
98313577540208623616
95457810333749559296
97473215100797501440
