1011469833082385.5
1011451040531990.2
1011059044214692
1011684604002420.6
1011472470547551.8
1011431430443708.6
1011311377765254.1
1011388764580085.6
1011477440578699.1
1011318559889993.5
1011167334047162
1011303529520162.5
1011341116669101.1
1011393655180028.8
1011607742141502.6
1011532978137181.8
1011378008324695.9
1011602043277909.2
1011426501651461.5
1011172702001363.2
1011007928761923.8
1011512155727947.8
1011447761508907.5
1011502612869686.5
1011427375836879.9
1011365338505012.8
1011477431431788.1
1010791360466474.6
1011573749189327.6
1011468501329052.8
