1011424099491462.4
1010608131906427.6
1009234465883862.2
1010095067737645.6
1011586186512272.2
1013145524392441.6
1019245451801470
1010527438183203.9
1010644231036517.9
1010303308755109.4
1019674721188469.9
1008550090261670.9
1013698462808380.2
1009161389527299.9
1012044658675713.1
1013192671300063.8
1011285347035873.1
1009049085481701.1
1008707017068842.9
1009394782363324.1
1018001054021150
1010635383494500.5
1008543878586976.6
1009890377501598.4
1009080685552939.1
1010965213833924.4
1008797008921603.1
1017364679011963.2
1010461097407411.2
1016929021222347.6
