97163195086118895616
96806393096893693952
96619908419212083200
97073654480338878464
96042893078610870272
97333738806244638720
97678212764911255552
97024456539839905792
97209444699688271872
97141767349140324352
97231036797964599296
97014431476960378880
97325681491446710272
97287106674308202496
97146508788349222912
97303994517899689984
97132601137123328000
97154599159485841408
96762950120045789184
97244617869663174656
97260390751263064064
97168099431681163264
97325366778698432512
97171273560496963584
97357949154824667136
97182724206887944192
97193308092325937152
97128327338450665472
96936900150046670848
97398240934392348672
