98718613459731546112
97469654139428438016
96014459578725875712
97387100520834088960
97828816788783661056
97780976775278362624
95947786425541443584
97556801772653969408
95776611279615557632
97591599826716311552
95671106347756601344
97717070433850064896
96666781042391924736
96887007177746153472
97488019952927457280
96145260236762349568
96448971751580581888
97496436547440279552
97526622750794383360
97387099749936463872
97191499722018668544
97075621014936240128
96450928575712526336
96723353779961331712
96394572515686563840
98499254018728443904
97676488997036064768
98021873722744569856
95906398438538412032
96655111819009523712
