97182614184437399552
97232074129128783872
97202191058603966464
97192395657165275136
97172213764212064256
97130634269560127488
97180290106823884800
97159266313977790464
97190951952565567488
97196870881206927360
97284984465400201216
97188538248553660416
97205649712178692096
97202160012815925248
97178225579681792000
9.7149511229362e+19
97183509167723954176
97181320595522486272
97232367177147564032
97070526347968069632
97166101922503737344
97187914410068557824
97236022648489426944
97181730373576212480
97167196160827719680
97138265381993365504
97145043060733100032
97187661677709312000
97186887425375666176
97195526822422134784
