1011406980476213.9
1010815160823018
1010769042974688.8
1011518809911550.8
1011283711236378.2
1011667320641559.8
1011508597285136.4
1011105107941758.9
1012361970714029.5
1011795686269889.8
1011496088497535
1011482888678146.6
1011922014249637.2
1011541308376052.6
1012040774966679.2
1011222327629592.6
1010923266745199.8
1011257147485221.1
1011133804423016.4
1010771125944111
1010785639471713.9
1011977427659951.9
1011374155427675
1010738748081623
1011288964528760.9
1011309767188645
1011509973071722.4
1011159401073985.6
1011919438569763.4
1011373919142575.8
