97199901964196544512
97181575393248493568
97177947317334147072
97177525573426020352
97179581303918411776
97184897839544221696
97187684546428551168
97183984461558022144
97182333779987939328
97184090716165210112
97178788772527276032
97181950793451814912
97187136168848621568
97184475444989657088
97168335843190095872
97222039598990131200
97181915186929270784
97182300562992152576
97182595008522141696
9.7183925232716e+19
97145616590579122176
97208964693276409856
97178331541138423808
97182919229132816384
97186175353737166848
97154703459684352000
97180740607271452672
97173004176532324352
97183935716957110272
97169212226946039808
