1010935730369787.6
1010886541669752.4
1011554075003344.9
1010629314969222.6
1012030974135739.2
1012253792618440.6
1010730321021537.8
1011458228183244.4
1011922717572032
1013091327069924.8
1011068203088128.1
1011663748127745.9
1012134001737331.8
1011802983136154.8
1010923275015613.4
1011494330326931.8
1012361957793580.6
1010558523621138
1011079662396459.2
1012912006025809.6
1012048577735319.2
1012326382662071.2
1010010229319196.6
1012035576265258.6
1013498214354046.5
1010336274923183
1010530289971628
1011219438777569.6
1011664363075346
1009688479550492.2
