97131385383080771584
97183512335568404480
97156955940018438144
97158831982238990336
97175403563830165504
97254231574662316032
97209517782580232192
97159912968223195136
96734339005054369792
97197636029471358976
97250737273202507776
97323595432826470400
97245657374400856064
97206736365848444928
97205918805562949632
97269681020630958080
97175218174003281920
97150809368937824256
97015214487203889152
97162159775750750208
97376311036157870080
97176525684739194880
97132412594418565120
97105048151445749760
97194170038900146176
97202116006825885696
97317627543735910400
97276193464402870272
97227327075216424960
97127125361911742464
