1011662610647767.1
1011460023531730.4
1011483822763326.5
1011438738031907.9
1011298410079682
1011370281876120.6
1011545608378092
1011472498227886.6
1011429697482434.8
1011658363452836.6
1011426120809790
1011437013430136.6
1011390287100847
1011437347997927.9
1011388018721595.1
1011394683131827.1
1011348992167771.2
1011467414024568.6
1011398244677740.1
1011420028460560.5
1011450609198392.2
1011442114595295.2
1011544211882199.6
1011448426090653.5
1011386753668692.4
1011504715716584
1011387365692679.8
1011410685019579
1011426500765419.2
1011414918236715.5
