1014765957979788.5
1011628835707009.4
1013186633222558.4
1020924853343118.9
1011949087675755.4
1016124135019241.6
1024058315924288.5
1029847847809506.5
1037570552053464.6
1014612829352633
1013242651169506.2
1011189463426175.5
1011332006164114.5
1012171011456809.6
1014896879503748.5
1014805875430209.1
1010733979524626.5
1023718332584502
1035679610550913.6
1015945577244232.5
1023635986787225.5
1028284597107571.5
1043109680930485
1073032699459665
1054128167030628.2
1069262482405667.1
1058003879832810.2
1009754831657261
1012786965394820.1
1011101290078276.6
1019875747089251.6
1017334582390864
1015397991596635.9
1023807705910347.4
1023657485596962.6
1031521501131272.4
1015092388282433.1
1038885154169399.1
1042201723784092
1032800489474692.5
984735028335392.1
1051622998130983.4
