97150742732646875136
97035509792955531264
97246436075705548800
97319708414207066112
97161835501525385216
97423037383722172416
97221889571696590848
97221672811148263424
97210954353949147136
97113897382234341376
97166271857391124480
97183669143205183488
97233700907673059328
97281439069687644160
97145194627312173056
97164494152942583808
97227679017172713472
97222784879296233472
97391062575022145536
97178558158864367616
97189041184311361536
97297009708912328704
97166032454479577088
97407005038738194432
97303808909615185920
97217836368872013824
97012327266808807424
97379295366257836032
97217254518916022272
97152307860957904896
