1010667030596943.6
1015114088148636.4
1012893464291171.2
1023193743549795.2
1017424549771377.2
1021932393854088.5
1015683245743705.5
1016374543349103.9
1021500616442823.9
1011458724488958.6
1008883445236017.6
1008563724921425.2
1008434102725584
1012955402569051.8
1013708098698176.9
1008009507099747
1010982201611252.1
1018914381210381.6
1024675455623744.8
978766635604730.2
993633197855957.9
1011705544097502.4
1018174396480986.6
1036854975328657.5
1028216977333801.6
1030676997908961.2
1011816223390803.2
1009801360846580.2
1009763997154080.8
1005783976519146.5
1017674122595859.4
1014468804878842.6
1015306431248252.6
1014322732656514
1020656152898326.8
1028888017539827.1
1012927306247673.8
1056786418140967.1
1027207967407410.2
1024630926364920.2
1026605760278346
