97225241919282839552
97171579113693691904
97164979522395521024
97194089922074148864
97181361260582895616
97201305405246226432
97196404091616231424
97187103502841167872
97182822396753723392
97210628663113596928
97214034513039622144
97207785425844535296
97188455321944555520
97184936321064353792
97195811835866202112
97127529164102008832
97181325235567935488
97176970185836593152
97185291397218910208
97180710154201481216
97168634438301941760
97153081681989812224
97203481110378561536
97188330088315813888
97182836451056467968
97212077908741668864
97188056412653240320
97188767806080172032
97182353613982711808
97183440964929224704
