1011437957423177.4
1011438163541746.8
1011437802843537.2
1011438135343616.9
1011437965132085
1011438176517144.9
1011437829400496.4
1011438176872078.2
1011437311010433
1011438157225607.6
1011438006917694.6
1011437978873166.5
1011437812779472.1
1011438153251548.8
1011438317705382.2
1011438060418058.9
1011438290469398.1
1011437592267339.2
1011437926650043.1
1011437840077669.9
1011437817779295.4
1011438054170216.2
1011438187107701.9
1011438347703347.6
1011437953773638.4
1011438308530836.6
1011437951283496.2
1011438088836996.6
1011437924075070.2
1011438007541991.5
