1011438081050552
1011438087354858.4
1011438072778602.6
1011438083467878
1011438079346094
1011438071910032.1
1011438108594105.8
1011438076321163.9
1011438084570916.1
1011438099815479.6
1011438061001793.5
1011438082728351.1
1011438066759331.5
1011438063368724
1011438093993932.8
1011438095436711
1011438076945456.6
1011438073660040
1011438094853098.2
1011438046614163.4
1011438093299449.1
1011438060098482.9
1011438083985461.5
1011438076503416.2
1011438056720948.4
1011438079699966.8
1011438078377227
1011438112688407.1
1011438082823578.6
1011438049900244
