97183678359512858624
97183678359487397888
97183678359510122496
9.7183678359519e+19
97183678359483809792
97183678359530242048
97183678359593713664
97183678359828725760
97183678359602184192
97183678359487250432
97183678359445291008
97183678359581294592
97183678359508860928
97183678359551492096
97183678359484579840
97183678359560962048
97183678359695589376
97183678359548559360
97183678359535861760
97183678359512662016
97183678359586160640
97183678359489675264
97183678359507451904
97183678359515660288
97183678359540613120
97183678359501127680
97183678359728521216
97183678359548706816
97183678359559716864
97183678359539302400
