1011438113399581.4
1011438105724685.5
1011438108619009.8
1011438114941370.6
1011438108391915.8
1011438109281024.4
1011438109867303.4
1011438112691019.4
1011438108936674.5
1011438112772054.9
1011438109946187.4
1011438105702330.2
1011438110890748
1011438109430000.5
1011438109816583.6
1011438113178946.8
1011438111254751.2
1011438108949899.5
1011438109707543.2
1011438109682190.6
1011438111087886.8
1011438113480433.1
1011438114868715
1011438108575942.1
1011438111431209.5
1011438111176570.8
1011438110199999.4
1011438111416502.5
1011438112259198.8
1011438107443775.9
