1011438076062591.8
1011437934528365.4
1011438155788074.4
1011438101095970.9
1011438054372466
1011438126923128.4
1011438052502464.2
1011438102043007.6
1011438019408085.5
1011438032102624.4
1011438140606300.9
1011438039492214.8
1011438068185774.1
1011438078295139
1011438098719360.8
1011438076565011.9
1011438037302122.1
1011438045775107.2
1011438111845117.4
1011438042426552
1011438038934319.2
1011438116741891.6
1011438054665080.6
1011438017759353.1
1011438146101809
1011438073113636.8
1011438058215906
1011438119151195.5
1011437994815431.2
1011438112265045
1011438049709236.8
1011438059639662.6
1011438130263110.5
1011438043050789.1
1011438134899590.4
1011438112996844.1
1011438090473165.5
1011438125388935.9
1011438079970131.6
1011438061728972.5
