97183678359421829120
97183678359422337024
97183678359384588288
97183678359457726464
97183678359412719616
97183678359388487680
97183678359400038400
97183678359417749504
97183678359466229760
97183678359508287488
97183678359423451136
97183678359403528192
97183678359442571264
97183678359363469312
97183678359381393408
97183678359404118016
97183678359387832320
97183678359399088128
97183678359430283264
97183678359389552640
97183678359308550144
97183678359406739456
97183678359572512768
97183678359356407808
97183678359514087424
97183678359395696640
97183678359373086720
97183678359448928256
97183678359291428864
97183678359433461760
