1011438110271309.2
1011438110696659.5
1011438110887149
1011438110983049.5
1011438110644763
1011438110650186.1
1011438110714650.4
1011438110799250.8
1011438110293554
1011438110360334.6
1011438110638386.6
1011438110640626.5
1011438110631462.4
1011438110240533.4
1011438110715354.8
1011438110611870.5
1011438110305926
1011438110812893
1011438110702010.8
1011438110975362.6
1011438110378912.8
1011438110720996.8
1011438110115908.2
1011438110109494.4
1011438110785980.1
1011438110572593.4
1011438110604026.5
1011438110915402
1011438110451767.1
1011438110921933.2
