1011441943317284.5
1011439301366737.9
1011438365773450.4
1011445147893963.5
1011437953086336.6
1011438480939072.1
1011439389065631.6
1011435173906531.8
1011442815953225.9
1011434864807727.1
1011441066524144.6
1011443579502476.8
1011438528724375.2
1011437148231557.9
1011441115311401.6
1011438278908094.9
1011440282289209.8
1011442549167569.4
1011441307727389.1
1011440092558003.9
1011442437942455.5
1011442313988653.9
1011430736268658.5
1011442494106873.5
1011443553204695.4
1011433873605081.9
1011434634203696.4
1011442098354027.5
1011443067750349.1
1011434297637961.5
