1011438104493487.1
1011438104189552
1011438105100320.1
1011438104036569.1
1011438103294101.1
1011438104472740.1
1011438103304711.4
1011438105650326.4
1011438104042162
1011438104883080.6
1011438104478323.8
1011438104768582.1
1011438104562046.8
1011438104618101.9
1011438105756447.1
1011438104031797.4
1011438104300863.1
1011438104220391.6
1011438104537365.2
1011438103874893.6
1011438104695446.4
1011438104412709.5
1011438105640847
1011438105442900.9
1011438104926670.9
1011438104487100.1
1011438105521691.5
1011438104902357.5
1011438104473367
1011438104965889.4
