97183678359824678912
97183678360043356160
97183678360363876352
97183678358994157568
97183678358967943168
97183678359111974912
97183678359789568000
97183678359563321344
97183678359496294400
97183678359984308224
97183678358066954240
97183678358999760896
97183678359205543936
97183678359434117120
97183678359437115392
97183678359590469632
97183678360055496704
97183678360194842624
97183678359205019648
97183678359144873984
97183678358192619520
97183678358924607488
97183678359473668096
97183678359045357568
97183678358733471744
97183678359109009408
97183678359170301952
97183678359277731840
97183678359329619968
97183678358692184064
