97183678359538253824
97183678359539777536
97183678359537156096
97183678359535288320
97183678359526244352
97183678359537074176
97183678359528456192
97183678359533043712
97183678359535517696
97183678359534223360
97183678359535239168
97183678359538302976
97183678359527047168
97183678359536828416
97183678359535157248
97183678359532945408
97183678359528292352
9.7183678359537e+19
97183678359534272512
97183678359539892224
97183678359540727808
97183678359533961216
97183678359534288896
97183678359533961216
97183678359535943680
97183678359536369664
97183678359535796224
97183678359539449856
97183678359530012672
97183678359533535232
