1011437880637856.5
1011438931499706.2
1011437751096065.5
1011438018049611.8
1011437487339953
1011438524948913.4
1011438363665360.8
1011438343834064.5
1011437854900846.6
1011438743572250.1
1011438382541053.1
1011437539098944.2
1011437823543000.2
1011438355454345.4
1011438938879775.4
1011439563912576.5
1011438996216804.6
1011437684704585.4
1011437799289945.2
1011437396782135.1
1011437353185831
1011439379985006.5
1011437225558053
1011437674459200.2
1011439398180633.9
1011437952265802.5
1011438405997519.9
1011438319702904.8
1011437844643287.8
1011437186856846.6
