1011438110361203.4
1011438110557424.2
1011438111081653.1
1011438110552116.8
1011438110452120.8
1011438110810094.9
1011438110354573.2
1011438110664742.1
1011438110648774.2
1011438111083760.8
1011438110898473.8
1011438110685500.1
1011438110718295.8
1011438110350544
1011438110780696.1
1011438110639406
1011438110765622.4
1011438110625207.8
1011438110552118.9
1011438110303351.4
1011438110645083.8
1011438110672418.8
1011438111265801.5
1011438110618364.4
1011438110681899.1
1011438110364249.1
1011438110760651.8
1011438110848282.9
1011438110169996
1011438110557279.4
