1011438104168017.2
1011438104031021.2
1011438102971479.6
1011438104284350.2
1011438104554085.8
1011438104096350
1011438104069444.1
1011438104100687
1011438104940132.2
1011438104540639.5
1011438104428237.1
1011438104499314.8
1011438105087238.1
1011438104356799.1
1011438103915770.8
1011438103951407.4
1011438104346564.4
1011438105370776.2
1011438104592010.6
1011438105449382.4
1011438104575770.9
1011438105025957.8
1011438104266073.1
1011438104247311
1011438104350224.5
1011438103756929.5
1011438104172030.8
1011438104664577.4
1011438104124176.1
1011438104565826.6
