97183678359331061760
97183678359399792640
97183678359151968256
97183678359518330880
97183678359423483904
97183678359545102336
9.7183678359346e+19
97183678359373365248
97183678359428071424
97183678359220551680
97183678359347216384
97183678359513251840
97183678359401742336
97183678359410327552
97183678359402168320
97183678359361929216
97183678359584915456
97183678359255154688
97183678359377707008
97183678359297671168
97183678359438082048
97183678359396171776
97183678359463591936
97183678359238705152
97183678359287234560
97183678359442767872
97183678359448174592
97183678359575068672
97183678359307681792
97183678359285383168
