1011438110334905.4
1011438108190909.5
1011438111563777.2
1011438110380754.5
1011438110851415.9
1011438110490399.8
1011438109906495
1011438112036289
1011438110301727.2
1011438107875518.8
1011438111080623
1011438110868035.6
1011438109929275.8
1011438111010850
1011438110905067
1011438109833901.4
1011438111796540.2
1011438110754901.5
1011438109843700.5
1011438109639500.9
1011438112049807.9
1011438110657123.9
1011438110203801.5
1011438111982722.8
1011438112229746.9
1011438110723145.4
1011438112595856.4
1011438107789033.5
1011438111162679.9
1011438110055735.1
