1011438114169020.2
1011438109033416.1
1011438103546906.4
1011438116081163.8
1011438109625455.4
1011438114196387.5
1011438110796064.5
1011438108693652
1011438115864242.8
1011438102355288.1
1011438120184334
1011438104961416
1011438115806100.1
1011438112312019.5
1011438113356543.5
1011438101801366.8
1011438106772771.4
1011438108686061.9
1011438112913075.1
1011438108814910.4
1011438116793815.4
1011438108041118
1011438106103119.2
1011438113769362.8
1011438109871143
1011438102189580.9
1011438116494538.2
1011438114127255.1
1011438119315362.8
1011438113571095.5
