1011438111390956.5
1011438110707055.5
1011438111510644.8
1011438110382403.5
1011438111321278.1
1011438111288745.6
1011438111116577.9
1011438110772328.6
1011438110474226.4
1011438110815144
1011438110982740.8
1011438110353827.5
1011438110671800.5
1011438111318073.9
1011438110955149.6
1011438110443896.4
1011438109952244.6
1011438110858766.2
1011438110767933.9
1011438110423936.5
1011438111362580.2
1011438111445565
1011438110661634.6
1011438110757123
1011438111233880.8
1011438110544170.5
1011438111288798.1
1011438109634097
1011438111713275.6
1011438110521282.4
