1011438110790665.8
1011438110710225.4
1011438110802597.4
1011438110861648
1011438110605609.5
1011438110565424.4
1011438110411185.4
1011438111012102.1
1011438110488890.6
1011438110496252.1
1011438111040924.6
1011438110445537.2
1011438110663105.2
1011438110725276.1
1011438110748071.4
1011438110595086.6
1011438110340491.6
1011438110814283.2
1011438110679029.8
1011438110902070.1
1011438110888356.4
1011438110748919
1011438110793721.4
1011438110503740.2
1011438111056961.1
1011438110521492.2
1011438110324150.5
1011438110539133
1011438110665823.2
1011438110427611.4
