1011436711306926.4
1011437402969669.8
1011435870479690.6
1011436604313014.9
1011437934385177.2
1011442243060979.8
1011438006585406.1
1011436836461103.2
1011437220750188.4
1011439069266394.2
1011437314491676.2
1011438981811814.6
1011436428850180.6
1011436947923223.9
1011438439664202
1011436545936979.2
1011437520826064
1011437064004156.8
1011440370912441.8
1011438081743974.8
1011437540833672.9
1011437184405711.4
1011437941939436.1
1011436573067551.9
1011439146158441.6
1011437562807084.9
1011438783342251
1011436731008833.4
1011438467826720.4
1011437998079820.8
