97183678356920745984
97183678363807842304
97183678357237989376
97183678358009266176
97183678361834045440
97183678355198017536
97183678357729837056
97183678360073453568
97183678361603473408
97183678360253071360
97183678359348346880
97183678357620506624
97183678363918729216
97183678360228839424
97183678359210033152
97183678362393427968
97183678358864822272
97183678356637876224
97183678360858542080
97183678355472138240
97183678354542870528
97183678357421883392
97183678356412186624
97183678355105955840
97183678358565601280
97183678355079675904
97183678360340529152
97183678358926082048
97183678359512956928
97183678362003537920
