1011438112632363.9
1011438110398223.4
1011438107233920.1
1011438109889259.1
1011438119049243.2
1011438115009647.6
1011438104776636
1011438107861752.8
1011438119655023
1011438107853230
1011438110589532.2
1011438104690701.8
1011438101152230.2
1011438118304477.5
1011438111976309.5
1011438111000823.6
1011438109827046
1011438106682369.9
1011438107571739.8
1011438098335715.2
1011438115212791.9
1011438113283235.4
1011438110648100.5
1011438114185086.2
1011438112956119.6
1011438112124367.9
1011438108447776.2
1011438110552898.9
1011438111303458.4
1011438117708499.2
