97183681124656201728
97183679190814572544
97183677023063851008
97183678357182152704
97183678093967769600
97183675896214814720
97183677357427212288
97183678873922519040
97183678165053046784
97183677594942226432
97183681810235736064
97183679059457572864
97183678379866259456
97183677342371676160
97183676254367907840
97183678706225643520
97183676198033571840
97183677718203318272
97183678866565660672
97183678257476763648
97183679692154896384
97183678067262980096
97183678289797840896
97183677402004307968
97183677169905336320
97183677435029913600
97183678784662290432
97183679083070308352
97183680257836204032
97183679825429086208
