1011438057567601.6
1011438251690640.2
1011438169911330
1011437925486552.8
1011438172865435
1011437811147508.4
1011438008892070.5
1011437958143928.6
1011437916238487.6
1011438211294453.8
1011437931166458.6
1011437916256597.8
1011437964777567
1011438054726957.4
1011438331724170.1
1011438090576723
1011438090615032.9
1011437804415888.5
1011438016870482.8
1011438325726142.9
1011438008433846.5
1011438033171369.5
1011438056648712.2
1011438081038962.9
1011437926427576
1011437980169111.5
1011438130445895.8
1011438102932861.8
1011437903355487.9
1011437931432045.6
