97183678289344675840
97183678345456238592
97183678488320524288
97183678298086653952
97183678383524184064
97183678292800733184
97183678489444909056
97183678409731702784
97183678334604935168
97183678367336218624
9.7183678380802e+19
97183678309998133248
97183678358852763648
97183678304883589120
97183678387951009792
97183678413102563328
97183678402311979008
97183678309367152640
97183678421881929728
97183678440266104832
97183678367270731776
97183678369625128960
97183678375065567232
97183678350825586688
97183678331286896640
97183678348411158528
97183678379088723968
97183678386248089600
97183678388204077056
97183678454895525888
