97183678371025387520
97183678358923870208
97183678357717368832
97183678360804130816
97183678373063098368
97183678346383917056
97183678363866988544
97183678346261708800
97183678344550957056
97183678348327518208
97183678364155691008
97183678362353598464
97183678378040164352
97183678345021718528
97183678350476705792
97183678355208044544
97183678361663684608
97183678361915097088
97183678374532448256
97183678367281725440
97183678357692923904
97183678365019832320
97183678369056358400
97183678340533944320
97183678348666961920
97183678352526819328
97183678366710611968
97183678352561225728
97183678353329094656
97183678347344461824
