97183678217813737472
97183678337597046784
97183678313395748864
97183678402909732864
97183678360091164672
97183678348977225728
97183678385711153152
97183678405513986048
97183678498709667840
97183678371808133120
97183678451118587904
97183678454668345344
97183678403476045824
97183678326791815168
97183678416886874112
97183678363013742592
97183678322788810752
9.7183678400166e+19
97183678442501079040
97183678377894805504
97183678553717161984
97183678299660337152
97183678250470408192
97183678394392625152
97183678357340110848
97183678361691947008
97183678407208468480
97183678269194502144
97183678315064541184
97183678249082159104
