1011438110659896.5
1011438110829079.6
1011438110439829.2
1011438109519108.4
1011438110818180.4
1011438109925851.9
1011438110784153.5
1011438110873571.6
1011438109502743.5
1011438111543133.2
1011438110262244.2
1011438110277246.2
1011438110072066
1011438108925467.1
1011438111202341.1
1011438109278648.2
1011438111296213
1011438109099587.6
1011438111113317
1011438109676905
1011438111217346.6
1011438110688386.4
1011438110638984.4
1011438109796486.5
1011438111378593.5
1011438110843705.8
1011438111395410.9
1011438111268750.4
1011438110610307.9
1011438109487333.5
