97183678359534501888
97183678359533862912
97183678359532961792
97183678359534010368
97183678359534419968
97183678359535009792
97183678359534632960
97183678359534501888
97183678359534075904
97183678359532699648
97183678359533617152
97183678359534092288
97183678359532978176
97183678359534075904
97183678359533273088
97183678359534338048
97183678359533010944
97183678359532240896
97183678359535206400
97183678359533436928
97183678359534616576
97183678359534403584
97183678359532011520
97183678359533338624
97183678359534354432
97183678359532765184
97183678359533830144
97183678359531962368
97183678359531372544
97183678359534469120
