1011438104907742.1
1011438104191998.8
1011438105003718.2
1011438104246739.5
1011438104157920.6
1011438103594713
1011438104867280.1
1011438105628870.2
1011438104546160.1
1011438104796618.6
1011438105394441.2
1011438104016632.4
1011438104154424.8
1011438103709811
1011438105864447.5
1011438104756188.4
1011438103954863.2
1011438104799866.4
1011438104527860.9
1011438105167530.6
1011438104963788.6
1011438104854461.6
1011438104005199.6
1011438104184575.9
1011438103987016.6
1011438104740868.8
1011438104896295.2
1011438104375547.2
1011438105189416.9
1011438105021930.5
