97183678432075268096
97183678362786217984
97183678431780569088
97183678364902457344
97183678387552092160
97183678311218331648
97183678340069474304
97183678327020109824
97183678441168797696
97183678301395107840
97183678352966434816
97183678350084538368
97183678350232076288
97183678367040487424
97183678389184528384
97183678384809754624
97183678290931679232
97183678308269965312
97183678319253585920
97183678331986280448
97183678453069873152
97183678368192364544
97183678403734913024
97183678349342081024
97183678382339309568
97183678493916528640
97183678301390258176
97183678394313768960
97183678447488712704
97183678335071354880
