97183678362562396160
97183678356736950272
97183678356606337024
97183678355489128448
97183678354244976640
97183678356108820480
97183678358477586432
97183678358499409920
97183678362459488256
97183678356898070528
97183678361559646208
97183678357498232832
97183678356785790976
97183678357774139392
97183678362106658816
97183678356339458048
97183678358333734912
97183678354780127232
97183678362454851584
97183678357190197248
97183678364385132544
97183678355595657216
97183678359152754688
97183678356390330368
97183678352870916096
97183678361559597056
97183678358193209344
97183678360278515712
9.7183678355623e+19
97183678355201114112
