1011438101634196.4
1011438101428613
1011438122295350.8
1011438122778181.5
1011438106533886.2
1011438104884886.2
1011438104338968.4
1011438114386409.9
1011438118618501
1011438108191881.5
1011438100273428.8
1011438109216941.4
1011438114000718.6
1011438106728741.8
1011438112935237.8
1011438119654512
1011438086837610
1011438102746780.5
1011438111115093.1
1011438101917037.2
1011438099332040.9
1011438115791721.8
1011438104614258.5
1011438110374162.9
1011438110626611.8
1011438105600575.6
1011438112526607
1011438111085948.4
1011438116731833
1011438105738280
