97183678343756038144
97183678341864751104
97183678368904167424
97183678390024634368
97183678354257592320
97183678376507342848
9.7183678347984e+19
97183678375261503488
97183678366610391040
9.7183678371748e+19
97183678346192175104
97183678366651334656
97183678356032651264
97183678375936851968
97183678357737586688
97183678361593298944
97183678358483140608
97183678359520018432
97183678347959894016
97183678355079593984
97183678350824554496
97183678346018684928
97183678357207318528
97183678366086610944
97183678358217293824
97183678361251987456
97183678364611543040
97183678368168132608
97183678342121357312
97183678370682847232
