97183678359330783232
97183678359757438976
97183678359430135808
97183678359263674368
97183678358982656000
97183678359508598784
97183678359009312768
97183678359692886016
97183678359609245696
97183678360583323648
97183678360724717568
97183678359341957120
97183678359032954880
97183678358430957568
97183678359492132864
97183678358717235200
97183678358940418048
97183678359335649280
97183678359303061504
97183678357906374656
97183678359526932480
97183678359175774208
97183678358854451200
97183678359840849920
97183678358485909504
97183678358467051520
97183678359401545728
9.7183678358613e+19
97183678359018356736
97183678360431886336
