1011438068949326.1
1011438127735918.4
1011438085616481.6
1011438107638750.9
1011438067639087.9
1011438092989920.8
1011438114167632.1
1011438096091600.9
1011438016775265
1011438107394372.2
1011438085790905.2
1011438096506167
1011438141121099.9
1011438048683408
1011438054734906.1
1011438082482681.5
1011438039761765.8
1011438144984250.5
1011438107119563.5
1011438105162507.9
1011438110237399.4
1011438012890019.2
1011438038641495
1011438169106455.4
1011438048074584
1011438133190530.6
1011438069709929.5
1011438085010296.9
1011438071962260.5
1011438050697995.2
1011438143211401.8
1011438062341087.9
1011438040782685.1
1011438051422522.5
1011437969331931.4
1011438107761629.1
1011438044526796
1011438026932617.2
1011438050077998.9
1011438139019323.9
1011438037533477
1011438109006112.6
1011438071769182.4
1011438076722788.6
1011438050008801.6
1011438081507900
1011438073943226.9
1011438101967191
1011438079889128.1
1011438088076862.4
