1011439121466984.8
1011436920532117.5
1011439330217054.4
1011436856067585.5
1011437214384002.8
1011438664016010.4
1011437623446148.9
1011436870148460.6
1011435650947338.8
1011435810917064.8
1011439106616645.6
1011439044015359.5
1011436942540625.8
1011437336830196.4
1011435999052931.6
1011438507810297.1
1011436347614272.8
1011436374162695.5
1011437085754192.2
1011438388321719.6
1011437171369720
1011438106364977.5
1011437369159881.2
1011437029151892.8
1011438162193812.8
1011438360380847.6
1011437288640299
1011438743544842.1
1011436710824799.8
1011437852724639.8
