1011438053573691.6
1011438062731825.4
1011438022634485
1011438038158660.1
1011438110960555.9
1011438129097404.5
1011438068637492.6
1011438074574443.8
1011438006193744.2
1011438068477617.2
1011438047036149.6
1011438082032402.4
1011438094595028.4
1011438008818563.2
1011438086234650.1
1011438122015290
1011438016035681.4
1011438089301935.9
1011438085099314.5
1011438125233057.4
1011438053470655.1
1011438022402764.2
1011438083803394.8
1011438031635444.5
1011438056865988.9
1011438148999901.8
1011438069133697.1
1011438051700902.6
1011438090968210.9
1011438057131011.8
