1011438105014900.9
1011438104664438
1011438103664172.1
1011438105846041.8
1011438104729335.1
1011438104378915.1
1011438104798334.8
1011438104827210.5
1011438104212115.5
1011438105231935.1
1011438104761992.1
1011438104143150.2
1011438105009012.1
1011438104961953.1
1011438105006365.5
1011438103954206.1
1011438104367261.5
1011438104881178.6
1011438105644138.1
1011438103849932.5
1011438105336008.1
1011438103532377.1
1011438105372331.9
1011438106520551.5
1011438104583275.5
1011438104616113.4
1011438105859546.2
1011438105224078
1011438105065817.8
1011438105064929.1
