97183678359507468288
97183678366252728320
97183678351428354048
97183678345709600768
97183678351062204416
97183678357976547328
97183678389407170560
97183678363592474624
97183678352218095616
97183678348038078464
97183678364605267968
97183678359737253888
97183678349999718400
97183678348688834560
97183678361689161728
97183678363662204928
97183678354975670272
97183678369470234624
97183678348646236160
97183678363945140224
97183678363387822080
97183678383116402688
97183678346889953280
97183678342665273344
97183678354614976512
97183678371247095808
97183678329971572736
97183678366611226624
97183678332607397888
97183678362454589440
