1011438107741442.5
1011438112564956.9
1011438112262513.6
1011438112040755.2
1011438110573297.2
1011438113513133.8
1011438107120246.6
1011438105645051.1
1011438109632028.2
1011438111893357.1
1011438108251911.2
1011438112555313.8
1011438112317323.1
1011438111725632.8
1011438109081280.4
1011438110834113.6
1011438112675070.8
1011438105975849.2
1011438108259704.2
1011438111107373
1011438112895032.6
1011438108227506.2
1011438108115958.2
1011438112505218.6
1011438111995850.5
1011438108374929
1011438108705507.2
1011438111181505.4
1011438110078916.5
1011438108548213.1
