1011438102152775.5
1011438098460089.6
1011438100125498.1
1011438099429905.8
1011438098212045.2
1011438102294712.4
1011438101431326.9
1011438102791501.6
1011438100931615
1011438099393881.6
1011438100145819.2
1011438100417212.5
1011438103451526.1
1011438101733636.9
1011438099650521.1
1011438100879094.8
1011438103367577.1
1011438098884516.5
1011438100018098.2
1011438102461559.4
1011438098257160
1011438097063908.2
1011438099164289.1
1011438100172359.4
1011438099161499.9
1011438098151244.2
1011438101302087.5
1011438100427340.8
1011438099208488.9
1011438098814367.1
