97183678359406854144
97183678359275667456
97183678359152558080
97183678359429136384
97183678359466377216
97183678359168516096
97183678359381737472
97183678359291674624
97183678359386144768
97183678359249338368
97183678359329652736
97183678359344922624
97183678359541563392
97183678359509499904
97183678359494803456
97183678359512547328
97183678359400742912
97183678359394877440
97183678359494246400
97183678359410180096
97183678359340269568
97183678359468687360
97183678359382048768
97183678359414718464
97183678359277060096
97183678359406051328
97183678359349067776
97183678359261708288
97183678359397859328
97183678359325507584
