1011437952869137
1011438152600458.2
1011437558827155.4
1011438553147443.4
1011437999222457.9
1011437593754833.6
1011438484428862.6
1011437682929667.1
1011438255131623.6
1011437894534980.4
1011438543004168.4
1011437671052777.4
1011437580049292.1
1011438279448935.8
1011438236629856.8
1011438400631254.9
1011437431930599.6
1011438302116810.2
1011437471867723.9
1011438260418111.4
1011438150831261.1
1011437423960262.5
1011438710599142.4
1011438162536996.8
1011437897427513.5
1011438836380948.2
1011437843132590.2
1011438288384945.6
1011437422845637.4
1011437962684343.4
