1011438100932055.4
1011438099286546.8
1011438099942166.2
1011438100340091.2
1011438102869471.1
1011438101220177.9
1011438102446481.2
1011438101724003.5
1011438099106160.2
1011438098850626
1011438103153528.9
1011438100396482
1011438100982765.4
1011438097467396.2
1011438100764607.1
1011438100042208.9
1011438100839495.6
1011438099284974.1
1011438103208030.2
1011438100477375.9
1011438100331295.1
1011438100786313.6
1011438098309015.2
1011438098972818.2
1011438099957443
1011438100055593.6
1011438098963242.9
1011438098908324.1
1011438101393656.4
1011438102869913.4
