1011438096268340.9
1011438091983760.6
1011438083459096.9
1011438094872536
1011438087044992.5
1011438081453183.2
1011438083534891.2
1011438076058826.2
1011438098579209.1
1011438098886273.5
1011438094878812.8
1011438084590683.5
1011438093806803.5
1011438083103428.8
1011438086783428.5
1011438084120373.1
1011438084468180.9
1011438096387282.2
1011438082918482.4
1011438085053860.9
1011438076922668.6
1011438093298437.1
1011438082425819
1011438093306231.9
1011438085620973.9
1011438102756958.9
1011438077940510.1
1011438092166807.4
1011438097237192.4
1011438092783862.1
