97183678359525769216
97183678359535140864
97183678359529979904
97183678359536517120
97183678359528505344
97183678359541481472
97183678359535206400
97183678359535403008
97183678359528620032
97183678359537434624
97183678359540318208
97183678359526047744
97183678359529553920
97183678359533027328
97183678359525097472
97183678359528013824
97183678359530307584
97183678359532175360
97183678359531962368
97183678359530356736
97183678359531159552
97183678359536041984
97183678359544659968
97183678359535157248
97183678359526260736
97183678359541858304
97183678359533912064
97183678359535665152
97183678359530979328
97183678359528341504
