97183678191675686912
97183678488251088896
97183678614588801024
97183677812492484608
97183678666342072320
97183676726278914048
97183678290223300608
97183678956454739968
97183676962400632832
97183677952252919808
97183678702116536320
97183679356317433856
97183677537730936832
97183678721191510016
97183676104761065472
97183678945766817792
97183678733220724736
97183676422131548160
97183677709546553344
97183678710202548224
97183677624325406720
97183677644424773632
97183678012492234752
97183677505954168832
97183679362804252672
97183679954146394112
97183677936336338944
97183677741620445184
97183678403985162240
97183677378656567296
