1011438128417731.4
1011438137599145.6
1011438089799591.5
1011438075524817.9
1011438079863506.4
1011438321562057.6
1011438116081003.2
1011438094642274.5
1011438152502184.8
1011438429020300.1
1011438528387409.9
1011438012701370.5
1011438188251996.5
1011437825158472.4
1011438228940218.6
1011438097736620.4
1011438339241906.4
1011437958640265.4
1011437824664544.5
1011438068207568
1011438161770793.8
1011438281204670
1011438050437196.8
1011438281865361.9
1011438306051534
1011438153310664.5
1011438096018712.5
1011438204998038
1011438126709317.1
1011438098330439.1
