97183678359644192768
97183678359138697216
97183678359143759872
97183678359120855040
97183678359189389312
97183678359189143552
97183678359141744640
97183678359430479872
97183678359095771136
97183678359195402240
97183678359239639040
97183678359062790144
97183678359380738048
97183678359279861760
97183678359248568320
97183678359555817472
97183678359118168064
97183678359161749504
97183678359211458560
97183678359315595264
97183678359379378176
97183678359179558912
97183678359125721088
97183678359418404864
97183678359556538368
97183678359175675904
97183678359089446912
97183678359320920064
97183678359152934912
97183678358960373760
