97183678359288954880
97183678359384178688
97183678359408459776
97183678359450222592
97183678359428153344
97183678359439982592
97183678359450845184
97183678359339171840
97183678359397072896
97183678359453089792
97183678359400890368
97183678359452483584
97183678359385980928
97183678359343185920
97183678359392419840
97183678359377313792
97183678359357620224
97183678359463804928
97183678359437606912
97183678359376805888
97183678359368826880
97183678359500914688
97183678359486382080
97183678359467180032
97183678359372382208
97183678359376150528
97183678359403266048
97183678359472340992
97183678359393140736
97183678359371104256
