1011436772268537.8
1011435925126772.4
1011434702286920.8
1011436611852860.6
1011436197697011.9
1011438437427086
1011438087641293.8
1011435905266457.1
1011438261653133.4
1011437884108903
1011437048721315.5
1011434544761279.8
1011436429368400.4
1011446019357816.8
1011442266611562.6
1011434208659108
1011437690176256.6
1011434399059729.5
1011442158267489.4
1011439762175376.6
1011436049298120.8
1011441008205592.6
1011434581001484.6
1011434342552430.8
1011439230238156.1
1011434958144958.1
1011436307822767.2
1011433397116726.5
1011435339193043
1011438344338535.6
1011436687827442.8
1011436891727914.4
1011435671865235.2
1011434907082883.9
1011437181934639
1011442533197262.1
1011437028694382
1011437690739822.4
1011438589015366.2
1011433919605650.8
1011433266078539.6
1011434970973213.1
1011436403821503.2
1011436278058486.4
1011435657171664
1011440815560691.1
1011440276548117.4
1011433085748303.1
1011440567892154
1011437420639962.6
