97183678347319377920
97183679251778420736
97183679071351554048
97183678518686547968
97183678668011831296
97183678072951816192
97183678168268210176
97183678103032397824
97183678152187740160
97183678705962336256
97183678287035629568
97183678499282534400
97183678195105153024
97183678531150413824
97183678113498267648
97183679333631737856
97183678730066542592
97183678416793583616
9.7183678383861e+19
97183678517847146496
97183677904682254336
97183678370263564288
97183678105027149824
97183677966310686720
97183678364210724864
97183678316568592384
97183678150390235136
97183678372035690496
97183679243362140160
97183678095014903808
