1011438104654631.8
1011438105157342
1011438104136294.4
1011438105116489.6
1011438104974104.5
1011438105175934.4
1011438103893510.5
1011438105256489.8
1011438103883700.1
1011438103882925.2
1011438103761156.4
1011438104691496.8
1011438105086703.9
1011438105177968.5
1011438104559532.6
1011438104193103.4
1011438103892021.8
1011438105179863.6
1011438104787861.5
1011438103842508.5
1011438104867862.5
1011438104999028
1011438104451541.8
1011438104354820
1011438104653661.1
1011438104967753
1011438104506693.4
1011438105318293.2
1011438104181829.9
1011438105554058.6
