1011438282802912.5
1011438688355488.9
1011437149444091.6
1011438279562741.5
1011438141768074
1011438462554850.9
1011438124643386.4
1011437614742232.8
1011438366148825.2
1011438636293681.5
1011438329110780.8
1011438264381855.1
1011437284970028.8
1011437685509135.4
1011438416591477.6
1011438021530724.4
1011437508759936.6
1011437729948487.8
1011438409119415.8
1011438619964546.8
1011437788696591.9
1011438275444111.9
1011437684449317.2
1011438276638020.5
1011438053293817.4
1011437625257918.6
1011437562167608.9
1011438327373024.8
1011438222652409.6
1011437199175231.6
1011437885850621.1
1011438148332598.5
1011438041346005.8
1011437366436240.1
1011438294572747.9
1011437854387335.6
1011437650508667.5
1011438186049898.4
1011437493542347.8
1011438081655189.5
