1011438108111172.1
1011438070797278.1
1011437995760961.1
1011438083935288.9
1011438101501384.6
1011438047222057.4
1011438082090830.1
1011438068944390.6
1011438136195455.6
1011438184422665.9
1011438091353647.6
1011438143391432.2
1011438104351091.6
1011438112840840.4
1011438091835703.1
1011438023359725.8
1011438082833128.1
1011438189827820.6
1011438131444221.2
1011438094924877.4
1011438083054416.8
1011438088673554.2
1011438004027528.1
1011438060618472.8
1011438075661106
1011438122395181.1
1011438095108077.9
1011438043988805.9
1011438019873784.6
1011438196853388.2
