97183678359534600192
97183678359534026752
97183678359533764608
97183678359534338048
97183678359534354432
97183678359532519424
97183678359535484928
97183678359530569728
97183678359534567424
97183678359533715456
97183678359532961792
97183678359534682112
97183678359533109248
97183678359532929024
97183678359532339200
97183678359533928448
97183678359534485504
97183678359534190592
97183678359532847104
97183678359536533504
97183678359534305280
97183678359534370816
97183678359536615424
97183678359533092864
97183678359535239168
97183678359534387200
97183678359532797952
97183678359534419968
97183678359534272512
97183678359532781568
