1011438199084991.2
1011438059774693.4
1011438066291210
1011438031310023.8
1011438073222281.1
1011438154532459.9
1011438110998574.2
1011438068540619
1011438140895692
1011438066627509.5
1011438140483768.8
1011438044119829.9
1011438062618165
1011438212921672
1011438090959421.5
1011438044272728.1
1011438155393257.1
1011438148512187.8
1011437988841643
1011438063762175
1011438086111979.1
1011438070083673
1011438159709782.6
1011438091824888.9
1011438035505615.6
1011438128767903.4
1011438097550962.9
1011438115663790.6
1011438032116256.9
1011438178178488
