1011436959489087.8
1011434612935821.2
1011448431635510.5
1011439322158361.8
1011436847645103.5
1011439844235217.5
1011434636136714.2
1011439650342463.5
1011435328031532.1
1011439456901833.9
1011433363275221.9
1011436783037176.2
1011441553861737.5
1011443503788111.9
1011437855594935.1
1011443565208477.6
1011439875004039.8
1011435728751222.5
1011439391241032.6
1011437588510845
1011440142918896
1011437801959780.4
1011434757248593.9
1011441270795070.4
1011438372040347.4
1011446328146701.4
1011441022605304.6
1011432829315562.1
1011435250329799.6
1011431857015311.5
