97183678355196903424
97183678360274124800
97183678360433950720
97183678360313741312
97183678361537167360
97183678356145340416
97183678366251450368
97183678359562502144
97183678354097520640
97183678359351787520
97183678357183676416
97183678362882654208
97183678356716388352
97183678358303408128
97183678358071066624
97183678360546017280
97183678359452680192
97183678361264832512
97183678360180801536
97183678356961853440
97183678360005984256
97183678358686154752
97183678365179510784
97183678363984936960
97183678360384307200
97183678360273879040
97183678358299541504
97183678359777116160
97183678359804805120
97183678358215049216
