1011437370854879
1011439118594051.8
1011439502743467.1
1011439959870473.1
1011438782657655.1
1011438667765268.4
1011437541959943
1011438232114446.9
1011436356581748.9
1011438751990518.8
1011436732674649.5
1011437191083427.9
1011439594236024.4
1011436766250155.5
1011437686980554
1011436705869617.5
1011438481813059.9
1011440042078678.8
1011437381728376.1
1011438155662434.8
1011436350372825.6
1011439753092071.4
1011437364203300
1011436191057202.4
1011436901368609.2
1011438658148037.6
1011440348096773.1
1011436988740070.2
1011437763287967.9
1011439283764445.2
