1011438124344736.5
1011438017408460
1011437952767903.8
1011438288243770
1011437964524642
1011437944578783.1
1011438216379176.8
1011438076691004
1011438076933494.8
1011438096149978.4
1011438128480915.8
1011437962010317.8
1011438203796496.4
1011438126077269.1
1011438018284252.2
1011438202849251.4
1011438028262707
1011438190716004
1011438019317058.8
1011438310452824.2
1011438026152138.5
1011438190772827.9
1011438085273694
1011437907104070.8
1011438040214799.6
1011438283583046.5
1011438121565632.4
1011438119136091.5
1011438378647538.2
1011438294564674.9
