97183678359499538432
97183678359509139456
97183678359496130560
97183678359505092608
97183678359505403904
97183678359502356480
97183678359501012992
97183678359512203264
97183678359503421440
97183678359493738496
97183678359503978496
97183678359505076224
97183678359503486976
97183678359510269952
97183678359513235456
97183678359498293248
97183678359505141760
97183678359508172800
97183678359499325440
97183678359505387520
97183678359501864960
97183678359508746240
97183678359503437824
97183678359504699392
97183678359496818688
97183678359500718080
97183678359505371136
97183678359500603392
97183678359501357056
97183678359498293248
