97183678378448781312
97183678331347648512
97183678355845136384
97183678345872916480
97183678340288348160
97183678364576202752
97183678356079575040
97183678340758159360
97183678333150085120
97183678378253697024
97183678360454692864
97183678357995225088
97183678381051297792
97183678349092667392
97183678360637358080
97183678348364578816
97183678356582989824
97183678355263225856
97183678366930075648
97183678342022840320
97183678391136976896
97183678375844069376
97183678342643138560
97183678362476609536
97183678389241610240
97183678329642860544
97183678339528982528
97183678352211296256
97183678346107715584
97183678359484153856
