97183678201247531008
97183678143628312576
97183678281153822720
97183678063754985472
97183678531360587776
97183678383308800000
97183677661043179520
97183678561861632000
97183678052039114752
97183678578583764992
97183677807148826624
97183678849151401984
97183678394376339456
97183677748513865728
97183677971416694784
97183678439606812672
97183678965879799808
97183678120477638656
97183678613342322688
97183678847006441472
97183678023109656576
97183678231480877056
97183678017877983232
97183677654776053760
97183678025076523008
97183678147776053248
97183678471663861760
97183678117239259136
97183678584598740992
97183678223093596160
