1011434941958743.2
1011438343220211.2
1011436878541906.4
1011436245150215.4
1011439459005037.4
1011437824646212.8
1011437186170557.1
1011439881626334.5
1011439225134918.8
1011438507683676.4
1011438388493087.8
1011439095037740.6
1011436938657929.9
1011437161034054.9
1011437163211424.6
1011439126995257.6
1011436997410477
1011439537636108.1
1011438873132026.4
1011438555247849.4
1011437064060082.2
1011437148662118.6
1011438078916407
1011437903365213.5
1011440202091264.1
1011438653155299
1011435939662922.5
1011437977482674.5
1011436161181938.2
1011437460477668.9
