9.7183678366601e+19
97183678345012543488
97183678350353563648
97183678354371674112
97183678340453269504
9.718367836583e+19
97183678354630705152
9.7183678351e+19
97183678351911813120
97183678378470522880
97183678351658336256
97183678345606135808
97183678371420700672
97183678344841592832
97183678338541912064
97183678357955051520
97183678391870816256
97183678350128136192
97183678362645463040
97183678358564831232
97183678336263733248
97183678368289144832
97183678363697135616
97183678363135131648
97183678367096487936
97183678363703427072
97183678376145616896
97183678349098745856
97183678369821491200
97183678337673904128
