97183678359547592704
97183678359507697664
97183678359576952832
97183678359534731264
97183678359549755392
97183678359529635840
97183678359553785856
97183678359533895680
97183678359533551616
97183678359563354112
9.7183678359528e+19
97183678359580262400
97183678359556161536
97183678359514595328
97183678359546494976
97183678359492493312
97183678359519428608
97183678359573037056
97183678359523278848
97183678359549968384
97183678359513399296
97183678359524655104
97183678359521394688
97183678359533830144
97183678359514054656
97183678359526719488
97183678359571447808
97183678359557701632
97183678359567646720
97183678359554818048
