1011438107165265.2
1011438083100151.6
1011438108579898.5
1011438081884556.2
1011438089950369.1
1011438080432828
1011438083079975.5
1011438092442853
1011438077865590
1011438085559880.6
1011438094108566.4
1011438087962588.8
1011438081051237.6
1011438094416487.5
1011438069338819.4
1011438103273396.1
1011438091955554.2
1011438088284866.4
1011438098303215.4
1011438094306482.2
1011438091859643.8
1011438073481199.8
1011438123015167.1
1011438076876354
1011438101235431.8
1011438057281241.8
1011438087487132.1
1011438075521053.8
1011438081609176.8
1011438089651112.5
