97183678359556292608
97183678359519854592
97183678359530553344
97183678359531667456
97183678359526670336
97183678359530242048
97183678359522312192
97183678359522279424
97183678359538794496
97183678359582556160
97183678359538515968
97183678359524114432
97183678359505502208
97183678359569072128
97183678359555948544
97183678359543545856
97183678359507714048
97183678359518167040
97183678359541399552
97183678359528521728
9.718367835953e+19
97183678359543431168
97183678359547035648
97183678359514791936
97183678359522574336
97183678359529455616
97183678359538860032
97183678359541841920
97183678359522754560
97183678359533305856
