1011438291302287
1011438322605050
1011437989082743.9
1011437597266800.8
1011438191591537
1011438164606052.5
1011438702234340.5
1011437820549994.9
1011437482324412.9
1011438494938290
1011438468500014.4
1011438005110297.4
1011438133869699.5
1011438139626461.1
1011438034537703.4
1011437889909426.4
1011437994268029.4
1011437780357159.4
1011438373492946.2
1011438033476873.2
1011438134144938.8
1011437744071238.6
1011438399933553.5
1011438388709727.8
1011437981885473.1
1011437969278323.9
1011438048921628
1011437632847360.5
1011438096504970.2
1011437451730365.4
