1011438110475943.5
1011438108904749.9
1011438113564961.6
1011438109117884.4
1011438111386855.5
1011438108885170.6
1011438108093038.8
1011438111861359.5
1011438112691598.5
1011438110014380.5
1011438113431573.1
1011438110740665
1011438111330544.6
1011438111352428.4
1011438111930536.8
1011438109530970.4
1011438110348846.1
1011438110131274.8
1011438110297956
1011438109898883.5
1011438109305575.5
1011438112064619.6
1011438109563436
1011438108315610.4
1011438107429846.6
1011438111926948.2
1011438111806272.8
1011438110237793.8
1011438109439423.8
1011438110914420.6
