97183678359475109888
97183678359437656064
97183678359480565760
97183678359444602880
97183678359483449344
97183678359455449088
97183678359438180352
97183678359452680192
97183678359451074560
97183678359458594816
97183678359467622400
97183678359464591360
97183678359495606272
97183678359473618944
97183678359436574720
97183678359472291840
97183678359415177216
97183678359465361408
97183678359460642816
97183678359463444480
97183678359444553728
97183678359469719552
97183678359452647424
97183678359489609728
97183678359495655424
97183678359494115328
97183678359464656896
97183678359473700864
97183678359490379776
97183678359433625600
