1011439810028617
1011437324821779.9
1011438006105212.8
1011438803805164.2
1011437509754776.1
1011438039444326.5
1011437687370012.1
1011438471274204
1011438682622044.8
1011438659515657
1011437335169882.2
1011438313899512.2
1011437800387186.1
1011437522041851.4
1011437694902975.1
1011437683106688.2
1011437768160368.8
1011437801882473.1
1011437799193754.8
1011437791756042.9
1011438507060894
1011438969750243.1
1011438254863662
1011436930721527.4
1011439142833621.2
1011437253347495.1
1011437864714376
1011437915772039.2
1011438106086765.8
1011438480958322.2
