1011437958658209.4
1011438278736908.6
1011437993449850.9
1011437735287417.4
1011437892948656.1
1011437815608632.9
1011438423196112.9
1011437670894089.5
1011438136203113.1
1011437679339378.6
1011438218183245.4
1011438418484437.1
1011437837188829.2
1011437870452820.6
1011437646861370.4
1011438137704071.2
1011437545367374.5
1011437827104855.9
1011437757774239.4
1011439403403435.9
1011438488209838.9
1011437571396343.2
1011437974012415.4
1011438199268692.9
1011438343015885
1011438023626624.8
1011438182087210.5
1011437840809150.5
1011437305520625.8
1011437666091676.1
1011437260069945.4
1011438461049670.6
1011438499609319.9
1011438717033603.2
1011437547119890
1011437863300417.5
1011438258748659.8
1011438113576024.6
1011437094649980.1
1011438435895223.2
1011437940745031.2
1011437476522558.9
1011438233854985
1011437816282498.4
1011437113325216.5
1011437702720790
1011437800972980
1011437402948974.6
1011437081318773.8
1011437939563196.6
