1011438003882444
1011438051132438.9
1011438145654280.2
1011438052918210.8
1011437944412075.9
1011438065522157.2
1011438070276893.6
1011438116518688
1011438111517534.1
1011438024410198.8
1011437927065196
1011438163949841.2
1011437885652683.6
1011438080988976.8
1011437955527529.9
1011438192766377.4
1011438147477827.1
1011438084185830.1
1011438270454253.6
1011437962745849.4
1011438367336199.1
1011438043801470.2
1011437893972013
1011438115654857.1
1011438160330517.8
1011437943016406.1
1011438155453338.4
1011438166643366.2
1011437943738383.4
1011438305102323.8
