1011437939852593.9
1011437603915866.5
1011438185834767
1011438402096912
1011437298338331.9
1011438273018943.9
1011438262697170.4
1011438005232919
1011438233344487.9
1011438662873059.4
1011438725759935.2
1011437614444215.1
1011438202907802.2
1011438600013196.2
1011438985674255
1011437958129846.6
1011437899960114.2
1011438713333393.1
1011437679489314.5
1011437559013293.2
1011438249538352.4
1011437578803032.4
1011438444902960.9
1011438896356759
1011439317161442.8
1011438496543025
1011438419955838.9
1011438475565658
1011438121486802.6
1011437924865750.6
