97183678300490711040
97183678185769877504
97183678592270974976
97183678451637075968
97183678203403108352
97183678233274138624
97183678567374340096
97183678206837915648
97183678548790247424
97183678132345667584
97183678444960399360
97183678619276083200
97183678105505185792
97183678576856612864
97183678267250704384
97183678306109014016
97183678259189809152
97183678250632151040
97183678585216352256
97183678310768181248
97183678610816827392
97183678376291319808
97183677908475396096
97183678427569799168
97183678497167687680
97183678197668986880
97183678183014645760
97183678153416736768
97183678448222027776
97183678515727335424
