1011438076700583.9
1011438065075457.1
1011438099494246.2
1011438110317089.8
1011438053110234.8
1011438053067106
1011438091132062.1
1011438008950797.9
1011438023516669.2
1011438185935275.4
1011438106829310.2
1011438095356746.2
1011438092857657
1011438150291442.4
1011438187198668.4
1011438087855560
1011438055717754.5
1011438107275976.4
1011438200527435.9
1011438240686890.6
1011438127576567.8
1011438097193715.2
1011438045153787.5
1011438144401914
1011438082031322.9
1011438050446503.6
1011438157049484.8
1011438185253860.2
1011438096986658.5
1011438146821908.1
