97183678359531241472
97183678359530340352
97183678359540645888
97183678359529078784
97183678359533207552
97183678359531028480
97183678359531913216
97183678359538106368
97183678359523672064
97183678359523737600
97183678359535239168
97183678359536058368
97183678359526768640
97183678359526113280
97183678359538778112
97183678359543119872
97183678359541235712
97183678359529979904
97183678359530766336
97183678359524950016
97183678359538302976
97183678359533256704
97183678359529734144
97183678359532060672
97183678359525670912
97183678359526211584
97183678359531421696
97183678359542284288
97183678359536336896
97183678359536795648
