1011437992697994.9
1011436930475026
1011441054998240.6
1011439601998691.2
1011438252658141.5
1011435447657674.4
1011436159874372.9
1011438334057315.2
1011438616082187
1011441630122641.5
1011439949356038.5
1011440077560117.2
1011437101668996.9
1011437405564820.9
1011438803140549
1011438795196457.5
1011435081292286.4
1011438213250869.4
1011438599527647.5
1011437707749749.2
1011437927451456.2
1011437167798892.9
1011437005354170.6
1011435180287386.8
1011436769079793
1011438669639900.5
1011440157071274.2
1011436832032550
1011437058714537.8
1011436118977384.1
