97183678359533010944
97183678359535910912
97183678359543103488
97183678359540039680
97183678359537385472
97183678359525195776
97183678359533289472
97183678359528718336
97183678359533191168
97183678359534862336
97183678359540023296
97183678359534911488
97183678359532732416
97183678359528964096
97183678359544479744
97183678359525588992
97183678359527718912
97183678359536943104
97183678359533928448
97183678359530897408
97183678359544381440
97183678359534190592
97183678359530455040
97183678359534600192
97183678359526309888
97183678359537057792
97183678359534092288
97183678359534649344
97183678359538909184
97183678359543316480
