1011439879246428.8
1011437050203390.6
1011437575498346.8
1011439789695654.2
1011439028627732.4
1011437681292304.8
1011437587164213
1011438457666510.8
1011438252404019
1011437942429397.5
1011440342979595.4
1011438370184916.6
1011436828143426.4
1011437961154978
1011438318159332.8
1011439212406503.4
1011439228938067.5
1011437200548967.4
1011437593599010.6
1011438442031268.6
1011437568532729.2
1011437289274510.9
1011437294487244.8
1011438678530304.4
1011438746886884.6
1011439477866123.1
1011437797898521.2
1011438554215317.8
1011439506983622
1011438047983471.1
