97183678359533191168
97183678359527047168
97183678359424139264
97183678359205134336
97183678359534354432
97183678359478091776
97183678359332765696
97183678359408885760
97183678359300325376
97183678359320444928
97183678359506452480
97183678359400759296
97183678359483023360
97183678359315038208
97183678359386062848
97183678359420747776
97183678359238377472
97183678359277027328
97183678359303536640
97183678359322968064
97183678359354802176
97183678359335944192
97183678359290855424
97183678359206133760
97183678359255662592
97183678359391911936
97183678359257579520
97183678359387914240
97183678359340630016
97183678359274487808
