1011439165567849.6
1011437343120349.2
1011438915790023.1
1011440520170339.8
1011437535337949.6
1011437132065487.9
1011439553600230.5
1011437907639910.1
1011438733313765.4
1011438708525890.6
1011437165874760
1011438902533156.8
1011437476710895.6
1011435715877947.5
1011437389135835.4
1011438324601285.9
1011439791658640.6
1011437441306987.9
1011438183435324.9
1011439171550141
1011437463675940.6
1011437431170263.5
1011437051611453.5
1011438449496363
1011440473314563
1011438902567118
1011441621872078.9
1011437231327160.6
1011438413293804.9
1011436142786622.6
