1011438204277024
1011438024112263.5
1011437877306300.9
1011438074935657.4
1011438197608709.4
1011438224601562.8
1011438056599217.5
1011437984507447.6
1011438112982545.8
1011438155153201.6
1011438278596853
1011438074097678.8
1011438186428801.5
1011437947804245.2
1011438095511376
1011438053776239.5
1011438068167622.8
1011438138330689.5
1011438185563477.6
1011438184195636.9
1011438185284362.5
1011438258429244.2
1011438030193302.2
1011438178803651.2
1011438144351368
1011438184279294
1011438101958110.4
1011438093771609.8
1011438081091246
1011438182449248.9
