97183678359649583104
97183678360409407488
97183678362179813376
97183678357414494208
97183678360182030336
97183678359051108352
97183678358510518272
97183678364684402688
97183678360409341952
97183678362661617664
97183678361983877120
97183678360100241408
97183678354569412608
97183678358149152768
97183678358987063296
97183678357849636864
97183678355545702400
97183678357033484288
97183678354155651072
97183678362496335872
97183678359695687680
97183678353555800064
97183678359025745920
97183678359286513664
97183678358523527168
97183678362497744896
97183678356821147648
97183678364260040704
97183678360008081408
97183678363997716480
