1011437846465498
1011438077697614.8
1011438451715901
1011437905661137.6
1011438013742604.9
1011438072452506.9
1011438449385552.8
1011438180241154.6
1011437517253656.9
1011438418397706.4
1011438022304627.8
1011437930125168.6
1011437492429778.6
1011437740110687.2
1011438262969926.6
1011438001463285.4
1011437963674592.2
1011438002426882.6
1011437850991818.9
1011437675131979.9
1011437977923443
1011438092613700.1
1011438298058835
1011438038828787.1
1011438331536898.8
1011438487860657.1
1011437702924414
1011438151198782.8
1011437917051121.2
1011437629513666.9
