1011439407947258.4
1011436551262255.6
1011438707387086.2
1011439578298451.9
1011439853740853.2
1011438680762186.4
1011438670943159.9
1011435801361576.9
1011438283201557.2
1011438883626041.4
1011438279878409.5
1011439170220203.4
1011436940620787.1
1011437520238305.4
1011439442460788.4
1011437305073065.8
1011436623174578.6
1011438851585508
1011439393982568
1011437152713398.2
1011437909592528.5
1011440143585721.9
1011436884831448.1
1011439261980001.1
1011436938588438.1
1011439739494514
1011437143311080.4
1011434882225864.6
1011436738841714.2
1011438521156871.6
