97183677904709337088
97183678413400014848
97183678740971274240
97183677854426513408
97183678275981656064
97183677991276969984
97183678023799717888
97183677962123231232
97183678089782804480
97183678445116424192
97183678759573651456
97183678687302778880
97183678438732185600
97183678926794457088
9.7183678658706e+19
97183678730561421312
97183678164461830144
97183678277310857216
97183678126703525888
97183678460191948800
97183678457811910656
97183678203867332608
97183678143464701952
97183678120920694784
97183678675944980480
97183678238433263616
97183679020323684352
97183678645996666880
97183678521685622784
97183678394924400640
