97183678359473504256
97183678360152555520
97183678358661070848
97183678360134975488
9.7183678360508e+19
97183678359727669248
97183678358930784256
97183678359151017984
97183678359775559680
97183678360331288576
97183678359999496192
97183678360260296704
97183678359433560064
97183678360093392896
97183678360550014976
97183678360116101120
97183678360397971456
97183678358647635968
97183678359288954880
97183678360292753408
97183678360101797888
97183678360488116224
97183678359488167936
97183678358833184768
97183678358188343296
97183678359994793984
97183678358668328960
97183678359923245056
97183678360080023552
97183678358277341184
