1011438100407260.6
1011438101539547.2
1011438099843832.1
1011438098037389.5
1011438096615738.8
1011438100308866.4
1011438101632089.5
1011438102780031.8
1011438102344074.5
1011438102266405.8
1011438101515666
1011438098925456.1
1011438099591806.2
1011438102040081.5
1011438101297018
1011438101828760
1011438097863490.5
1011438103455020.1
1011438103643696.5
1011438100872942.6
1011438103038426
1011438100810913.5
1011438098719679.4
1011438101399301.1
1011438103645051.6
1011438100747846.2
1011438101379304.9
1011438101581887.8
1011438100218481.2
1011438098092035.6
