97183678359436099584
97183678359752982528
97183678359410114560
97183678359524917248
97183678359555178496
97183678359549739008
97183678359530160128
97183678359520280576
97183678359467327488
97183678359574020096
97183678359418552320
97183678359476862976
97183678359603412992
97183678359708139520
97183678359488299008
97183678359635984384
97183678359510106112
97183678359520509952
97183678359466541056
97183678359536336896
97183678359538434048
97183678359436083200
97183678359725391872
97183678359303487488
97183678359642161152
97183678359519477760
97183678359605182464
97183678359718084608
97183678359376396288
97183678359565189120
