1011437920147388.8
1011438054388808.5
1011438095705520.5
1011438040638496.8
1011437994038726.1
1011438127298306
1011438182203702
1011438313646482.1
1011438359516337.4
1011438004187019.9
1011438106556172.6
1011438074155717.2
1011437999705497.8
1011438232367133.5
1011438261026325
1011438115461720.6
1011438111147476.5
1011438167859069.5
1011438013482472.4
1011438168059986.1
1011438128871192.1
1011437942272061.2
1011438056688817.4
1011438032503066.5
1011438274610811.2
1011438042072485.4
1011438569185069
1011438066963352.9
1011437961405410.5
1011438145381175.8
