97183678326528786432
97183678292297596928
97183678416639328256
97183678467253043200
97183678346114433024
97183678345537830912
97183678275356573696
97183678407558529024
97183678441076670464
97183678279275397120
97183678377764765696
97183678500101406720
97183678335661211648
97183678266825621504
97183678462987780096
97183678375166492672
97183678526419582976
97183678279859699712
97183678430124490752
97183678202201817088
97183678381458358272
97183678351585034240
97183678297279463424
97183678341157945344
97183678282031022080
97183678360339283968
97183678309036621824
97183678425757990912
97183678324530757632
97183678293767045120
