1011438667541049
1011437374609262.1
1011439054726255.4
1011439392028499.2
1011436141171049.8
1011436758525388.9
1011436046782554.5
1011436838712980.2
1011437535472411.8
1011436712394712.5
1011437723672304.8
1011436818362732.5
1011438734173057
1011439715888780.9
1011439367917064
1011434756269861.2
1011438468818833.6
1011437582366021.8
1011437980046867.2
1011440871118973
1011437727724894.2
1011438495816399.8
1011437862750283.9
1011436966246764
1011437170392300.1
1011437319685815.8
1011436831677781.4
1011439555464852.4
1011435326201415.1
1011438720796385.5
