97183678352598319104
97183678442887774208
97183678341402034176
97183678289137909760
97183678274081193984
97183678459548270592
97183678303225282560
97183678338657730560
97183678265196625920
97183678330389086208
97183678293090762752
97183678470536183808
97183678303762661376
97183678202613301248
97183678475323392000
97183678417912659968
97183678382929526784
97183678271909920768
97183678331453243392
97183678411401101312
97183678345271853056
97183678360599134208
97183678304605634560
97183678412178407424
97183678394857963520
97183678399337676800
97183678433952153600
97183678380986023936
97183678330018267136
9.71836784957e+19
