1011438003999316.9
1011438164604594.4
1011438129900007
1011438104091541.6
1011438170196618
1011438090739434.6
1011437980955638.6
1011438156925372
1011438295995461.6
1011438088346597.1
1011438057068289.6
1011438291578970.8
1011438069180113.1
1011438233092723.9
1011437969789255.4
1011438149042349.6
1011438377807568
1011438048079884.6
1011438040714849.9
1011437950944345.8
1011437976120135.5
1011438041707309.4
1011437956657451.6
1011438270932495.4
1011438051093225
1011438253051535.2
1011438023288153.4
1011438076312704
1011438119363365.5
1011437940861457.1
