97183678359359324160
97183678359578017792
97183678359490560000
97183678359449075712
97183678359638867968
97183678359629512704
97183678359547707392
97183678359586193408
97183678359580311552
97183678359552540672
97183678359705042944
97183678359477272576
97183678359695163392
97183678359470686208
97183678359751966720
97183678359516250112
97183678359628349440
97183678359354671104
97183678359552327680
97183678359595417600
97183678359507337216
97183678359473111040
97183678359674028032
97183678359434313728
97183678359637671936
97183678359521460224
97183678359527194624
97183678359598219264
97183678359313809408
97183678359431348224
