1011438111112536.8
1011438110642440.4
1011438110901479.4
1011438110305936.4
1011438110436754.8
1011438110712478.6
1011438110666549.8
1011438110442342.4
1011438110545858.2
1011438110553128.8
1011438110569736
1011438110458758.1
1011438110420222.2
1011438110314656.2
1011438110861211.9
1011438110410577.1
1011438110395800.9
1011438110795064.4
1011438110582161.4
1011438110630008.8
1011438110856445.2
1011438110930440.2
1011438110938119.9
1011438110450824.8
1011438110268262.5
1011438110488565.1
1011438111146869.5
1011438110523540
1011438110657570.9
1011438110674258.1
