1011438095884793.4
1011438101017733.1
1011438090937972.8
1011438096355225.2
1011438091978319.9
1011438094892239.5
1011438098500336.2
1011438096361967.9
1011438094036777.9
1011438091029995.5
1011438097730420
1011438087565970.4
1011438099345312.8
1011438091794382
1011438099794808
1011438098259108.6
1011438092181656.9
1011438099240151.8
1011438100043324
1011438094895007.1
1011438087947672.4
1011438089157076.6
1011438097998714.9
1011438092960420.1
1011438103295277.8
1011438096557009.4
1011438107207360.1
1011438099458738.4
1011438092989709.6
1011438095408409.9
