9.7183678359564e+19
97183678359584915456
97183678360059691008
97183678359546593280
97183678358145744896
97183678359334780928
97183678358775218176
97183678358792323072
97183678358535602176
97183678359619764224
97183678358057910272
97183678358452617216
97183678358771630080
97183678358718660608
97183678358741172224
97183678358701162496
97183678358603251712
97183678358846914560
97183678358805610496
97183678358045048832
97183678358247112704
97183678359943692288
97183678358649700352
97183678358395748352
97183678358768599040
9.7183678358221e+19
97183678360331468800
97183678358449209344
97183678358078701568
97183678359191207936
