97183678642435964928
97183677947519008768
97183678601406595072
97183678470357745664
97183678651489910784
97183678045198303232
97183678529469612032
97183678886457819136
97183678328615321600
97183678231984078848
97183678708311851008
97183678006398074880
97183678328907923456
97183678721250443264
97183678569554132992
97183677916155150336
97183678385239195648
97183678052616470528
97183679334198919168
97183677938617712640
97183678371294314496
97183678541494108160
97183678312700903424
97183678300938256384
97183678240186843136
97183678047233212416
97183678455614242816
97183678766188707840
9.7183678372421e+19
97183678352342188032
