97183678359531520000
97183678359536091136
97183678359569186816
97183678359561469952
97183678359524278272
97183678359525982208
97183678359513104384
97183678359523688448
97183678359507484672
97183678359503798272
97183678359503388672
97183678359493885952
97183678359528407040
97183678359559946240
97183678359531126784
97183678359556161536
97183678359529717760
97183678359531913216
97183678359533305856
97183678359555768320
97183678359556538368
97183678359506223104
97183678359534026752
97183678359551983616
97183678359540482048
97183678359534796800
97183678359493902336
97183678359529914368
97183678359500980224
97183678359550853120
