97183678358442311680
97183678357923037184
97183678361693470720
97183678356761051136
97183678360167907328
97183678363192475648
97183678360979488768
97183678360396922880
97183678359574347776
97183678359560519680
97183678362260701184
97183678359542022144
97183678355515129856
97183678356756348928
97183678359392059392
97183678359925243904
97183678359443701760
97183678360725274624
97183678361271418880
97183678358412820480
97183678361035407360
97183678353755799552
97183678357348696064
97183678356565966848
97183678359264788480
97183678358652583936
97183678359514726400
97183678356138934272
97183678358779740160
97183678357793751040
