1011438069779883.5
1011438122425287.9
1011438048636980.6
1011438044350353
1011438054308565.1
1011437949894266.4
1011438093057795
1011438148831822
1011438036996697.4
1011438048340312.6
1011438112073069.5
1011438099401628.2
1011438215181937.1
1011438171310726.8
1011438065597992.4
1011438093275128.9
1011438072835240.2
1011438103882331.5
1011438075529788.4
1011438071787340.1
1011438053856195
1011438077091394.6
1011438101001013.2
1011438074163772.1
1011438117890770.9
1011438031585052.9
1011438091817338.6
1011438034323786.4
1011438123937725.6
1011438032861022.8
