1011438130288637.9
1011438124694906.8
1011438111049509
1011438094700680.5
1011438103904314.5
1011438151564796.2
1011438114350477.1
1011438118670366.6
1011438096961496.4
1011438111896673.9
1011438091462029.1
1011438099948724.9
1011438101688222.5
1011438131405440.2
1011438134327774.5
1011438142531119.2
1011438104585720.9
1011438122270644.4
1011438120726268.5
1011438113244280.6
1011438116423073.2
1011438126802400.6
1011438107315056.5
1011438106097104.5
1011438106130527.9
1011438095562124.2
1011438131882851
1011438101456488.8
1011438114803745.5
1011438115125024.1
