97183678360187125760
97183678361049497600
97183678361716031488
97183678360722784256
97183678365557145600
97183678355359465472
97183678360992055296
97183678363809988608
97183678356086554624
97183678355959693312
97183678359695130624
97183678362573783040
97183678359061282816
97183678359102980096
97183678356417282048
97183678355553370112
97183678358099345408
97183678353065099264
97183678351450324992
97183678365054828544
97183678360082612224
97183678355854147584
97183678359530373120
97183678360833523712
97183678367477530624
97183678358085173248
97183678353260118016
97183678356865892352
97183678361956057088
97183678359976869888
