97183678224149741568
97183677795269951488
97183678418727813120
97183678920129511424
97183678042825670656
97183678745067126784
97183678296103501824
97183678718700339200
97183677951247187968
97183678401129840640
97183678469404082176
97183678450751832064
97183678578839683072
9.71836783636e+19
97183678408062713856
97183679157102215168
97183678150799179776
97183678779221524480
97183677705190752256
97183678448037036032
97183678265085296640
97183677657736200192
97183678298599129088
97183677700664672256
97183677682058559488
97183678142794448896
97183678340568088576
97183678495238848512
9.7183678976559e+19
97183677829668585472
