1011438113652953
1011438111701378.1
1011438112329968.1
1011438107910621.4
1011438106417997.2
1011438113518940.1
1011438108957541.6
1011438135523518.9
1011438107387338.9
1011438112716677.2
1011438138763155.9
1011438078904460.9
1011438107279224.8
1011438117698650.4
1011438103125213.1
1011438117964624
1011438124049995.8
1011438111844221.8
1011438088914974.1
1011438099966105.2
1011438112771982.1
1011438135703530.1
1011438112462706.4
1011438085669604.4
1011438091063285.4
1011438150948966.6
1011438087699626.1
1011438094376807.1
1011438096494463.4
1011438109020043.1
1011438114459503
1011438109892034.8
1011438118689494.2
1011438102121824.2
1011438133192990.5
1011438108351932.5
1011438114246250.9
1011438139273500.6
1011438079202948.1
1011438130728499.6
