1011438101153575.8
1011438114172840
1011438111968437
1011438106315190.5
1011438110464844.1
1011438109155914
1011438106153938.5
1011438093856314.2
1011438131577607.5
1011438109694867.9
1011438108208156.5
1011438110724825.8
1011438119670518.6
1011438103413249.1
1011438106955802.2
1011438119057222
1011438107896024.1
1011438122361143.8
1011438096282289
1011438108916394.5
1011438111872869.6
1011438110708989.4
1011438113936911.8
1011438111898196.1
1011438123999631.2
1011438108266691.9
1011438113638043.8
1011438113810337.5
1011438120407833.5
1011438111260298.9
