97183678432982859776
97183678426796851200
97183678344504311808
97183678319774285824
97183678374587875328
97183678379449417728
97183678338011791360
97183678439158824960
97183678294184050688
97183678356552122368
97183678333583409152
97183678334660968448
97183678338740502528
97183678352440016896
97183678384904159232
97183678400302612480
97183678381883441152
97183678442395533312
97183678344429174784
97183678386700779520
97183678351544532992
97183678384607150080
97183678364803760128
97183678342185517056
97183678353456283648
97183678342342819840
97183678399452889088
97183678395393343488
97183678349230473216
97183678373237686272
