97183678359537221632
97183678359710220288
97183678359729897472
97183678359756275712
97183678359736418304
97183678359622582272
97183678359495344128
97183678359548854272
97183678359805575168
97183678359573446656
97183678359556112384
97183678359304126464
97183678359719510016
97183678359600955392
97183678359499161600
97183678359664934912
97183678359327014912
97183678359600939008
97183678359402299392
97183678359456448512
97183678359502258176
97183678359636590592
97183678359684186112
97183678359574904832
97183678359406870528
97183678359217078272
97183678359491887104
97183678359734517760
97183678359398875136
97183678359639982080
