97183678359919673344
97183678356402520064
97183678355519766528
97183678356503199744
97183678360559583232
97183678360749309952
97183678356925808640
97183678360795578368
97183678362197147648
97183678354003771392
97183678357419687936
97183678357945024512
97183678355533856768
97183678353942708224
97183678356582449152
97183678353108664320
97183678362538852352
97183678353375117312
97183678360395055104
97183678357370470400
97183678360439422976
97183678359238688768
97183678362148061184
97183678357070561280
97183678356844085248
97183678357578743808
97183678361010061312
97183678358104064000
97183678360990318592
97183678362739474432
