97183678359517265920
97183678359496441856
97183678359474290688
97183678359501193216
97183678359486889984
97183678359455350784
97183678359438704640
97183678359462346752
97183678359474061312
97183678359479336960
97183678359492395008
97183678359446749184
97183678359461494784
97183678359468392448
97183678359457726464
97183678359477977088
97183678359475486720
97183678359427547136
97183678359476371456
97183678359458512896
97183678359484743680
97183678359458971648
97183678359463542784
97183678359413145600
97183678359457251328
97183678359481614336
97183678359457579008
97183678359461462016
97183678359505272832
97183678359467442176
