97183678359531913216
97183678359533502464
97183678359534714880
97183678359532240896
97183678359533961216
97183678359532830720
97183678359532584960
97183678359532781568
97183678359536631808
97183678359532666880
97183678359533928448
97183678359534256128
97183678359533158400
97183678359532158976
97183678359533731840
97183678359534075904
97183678359532863488
97183678359533174784
97183678359532240896
97183678359535501312
97183678359535239168
97183678359533961216
97183678359532863488
97183678359533240320
97183678359531421696
97183678359532847104
97183678359533715456
97183678359534010368
97183678359533699072
97183678359536173056
