97183678359581720576
97183678359525982208
97183678359550918656
9.7183678359567e+19
97183678359551393792
97183678359496949760
97183678359525294080
97183678359541874688
97183678359531126784
97183678359557734400
97183678359530733568
97183678359521116160
97183678359486169088
97183678359569530880
97183678359498719232
97183678359519199232
97183678359539466240
97183678359524311040
97183678359532224512
97183678359539515392
97183678359525720064
97183678359522574336
97183678359540252672
97183678359533682688
97183678359514677248
97183678359527456768
97183678359502045184
97183678359533207552
97183678359583866880
97183678359545315328
