97183678368303398912
97183678374378078208
97183678338382118912
97183678366312579072
97183678364911157248
97183678352791470080
97183678360585535488
97183678355277103104
97183678355428130816
97183678336719945728
97183678357863104512
97183678348854689792
97183678366697504768
97183678366216323072
97183678348711100416
97183678335650136064
97183678345682960384
97183678380308578304
97183678363652554752
97183678339056254976
97183678348879167488
97183678343660699648
97183678350406287360
97183678326218817536
97183678361316425728
97183678355520012288
97183678353142235136
97183678351180447744
97183678361953042432
97183678374706200576
