1011438100390188.5
1011438098710482
1011438102222020.2
1011438098994730.5
1011438100329195.9
1011438101971527.5
1011438097297946.1
1011438101092701.9
1011438100639450.1
1011438101417103
1011438099186928.8
1011438100344942.4
1011438099014676.2
1011438099837581
1011438099685013
1011438101527052.5
1011438101698155.2
1011438100092340
1011438099578797.2
1011438100341265.8
1011438100258390
1011438101250928.5
1011438098987984.8
1011438100924278.6
1011438101503765.4
1011438100349845
1011438101265359.1
1011438100794709
1011438100797068.2
1011438100824883
