1011438111622196.9
1011438111991725.4
1011438107798865.8
1011438110894463.1
1011438109030356.4
1011438108011469.4
1011438111689841
1011438113175429.9
1011438108708841.4
1011438108727356.9
1011438110425994.6
1011438111347989.1
1011438105591909.5
1011438110847686.4
1011438110715430.1
1011438108623630.6
1011438110075208.6
1011438106937723.9
1011438109018332.8
1011438110301656
1011438111988275.4
1011438108231434.5
1011438109877312.5
1011438111515569.2
1011438114079229.2
1011438115280888
1011438110085075.2
1011438113989918.2
1011438110444144
1011438111941818.1
