97183678357291565056
97183678360289558528
97183678357927378944
97183678356543193088
97183678360006705152
97183678361804701696
97183678362655850496
97183678362349010944
97183678360543150080
97183678358400761856
97183678360974344192
97183678365651664896
97183678359158407168
97183678362008453120
97183678360869257216
97183678356717322240
97183678361224855552
97183678358334898176
97183678361036619776
97183678361585582080
97183678357960245248
97183678361286918144
97183678359865016320
97183678355698827264
97183678359299801088
97183678360429330432
97183678358899097600
97183678359463559168
9.7183678357448e+19
97183678359193059328
