1011438093228654.6
1011438117079817.1
1011438095654908.5
1011438112212920.9
1011438142028627.4
1011438147025016.1
1011438162554091.6
1011438100479872.6
1011438129136422.1
1011438103423780.2
1011438108026457.4
1011438109357531.9
1011438113891133
1011438114269670
1011438084826986
1011438124491273.8
1011438099028176.6
1011438107023004.5
1011438121523086.8
1011438102905360
1011438094928635.1
1011438122563378.5
1011438105644966.1
1011438080226735.2
1011438115035955.5
1011438115389090.2
1011438137213570.9
1011438082173344.9
1011438110965159
1011438122344984
