97183678265915392000
97183678946777677824
97183677968744939520
97183678415496052736
97183678278810058752
97183678828753305600
97183678107536375808
97183678047791923200
97183678116675567616
97183678920329494528
97183677965753384960
97183678150453510144
97183678873584975872
97183677599718424576
97183677770120052736
97183678041786269696
97183678584546410496
97183678017628160000
97183678002803015680
97183678466385461248
97183677577241395200
97183678935153721344
97183678640347627520
97183678777740230656
97183678433606615040
97183678268927016960
97183678769086496768
97183678238453661696
97183678300725755904
97183678499683713024
