1011438045841738.1
1011438082031061.4
1011438097140637.8
1011438080173867.5
1011438062724717
1011438070889144
1011438087777189.8
1011438055641243.2
1011438115563931.8
1011438087128339.1
1011438075156877.1
1011438095242358.4
1011438104985041.1
1011438081521900
1011438059240939.8
1011438065539959.4
1011438113047972.8
1011438073752378.8
1011438073326468.2
1011438082146577.2
1011438063909288.2
1011438113054805.8
1011438082224140
1011438064815209.8
1011438081683342.8
1011438079095424.8
1011438057460854.8
1011438094799622.4
1011438079601535.1
1011438064595079.9
