97183678355461980160
97183678161468456960
97183678172966666240
97183678586231963648
97183678336365281280
97183678362542751744
97183678251776770048
97183678506446307328
97183678516309835776
97183678529592868864
97183678483251658752
97183678350707261440
97183678569986048000
97183678485518893056
97183678185569140736
97183678422918889472
97183678260407713792
97183678513758715904
97183678367002656768
97183678468164796416
97183678312307376128
97183678476429836288
97183678531766091776
97183678393275596800
97183678528629653504
97183678479305244672
97183678781897392128
97183678271993675776
97183678425745702912
97183678322339102720
