97183678361084575744
97183678356414939136
97183678361246498816
97183678360110612480
97183678360602296320
97183678358289448960
97183678358129360896
97183678357571371008
97183678358970630144
97183678359628513280
97183678362237501440
97183678360962629632
97183678357171650560
97183678360435245056
97183678356796735488
97183678362037878784
97183678359379116032
97183678357682683904
97183678359833985024
97183678361515786240
97183678360136482816
97183678357444968448
97183678361123160064
97183678361220349952
97183678357819621376
97183678361596968960
97183678362922663936
97183678356589297664
97183678362772013056
97183678358778298368
