97183678179884875776
97183678225877237760
97183678241475592192
97183678399488081920
97183678304292536320
97183678364838297600
97183678409841131520
97183678418535137280
97183678400107479040
97183678454657826816
97183678674598592512
97183678360083021824
97183678091839799296
97183678060424790016
97183678318976090112
97183678083022520320
97183678215209435136
97183678419536478208
97183678146260647936
97183678607768289280
97183678410618028032
97183678120062304256
97183678266143342592
97183678310874529792
97183678646152200192
97183678293125251072
97183678616646647808
97183678475982553088
97183678502031802368
97183678439660961792
