1011438042117789.9
1011438122591989
1011438118894467.9
1011438269670180.6
1011438291236623.2
1011438081918570.2
1011437813907418.9
1011437983350524.1
1011438136498835.5
1011438412110817.2
1011438025919453.8
1011438223589384.6
1011438055442374.4
1011438054225293
1011437861401019.8
1011438306127138.1
1011437983208565.4
1011438089473302
1011438172872495
1011438136292064.4
1011437945072929.9
1011437940966950.1
1011437984704371.5
1011438110479363.9
1011438135072625.5
1011438028626847.5
1011437998154387.9
1011438540550947.4
1011438215573778.1
1011438161681523.2
1011438253390867.1
1011438024144139.6
1011437983876215
1011438112228841
1011438012734982.9
1011438121279853.6
1011438095263818
1011437758946633.5
1011438273368463.5
1011437852459725.1
