1011438113055053.4
1011438111906821
1011438107246997
1011438111309617.8
1011438112939160.2
1011438112859038.6
1011438109539783.4
1011438110171717.6
1011438110474609.1
1011438111524687.2
1011438112359392
1011438109184679.8
1011438112475052.5
1011438110183746
1011438109981630.9
1011438112294171.6
1011438109094330.8
1011438108991360
1011438110857389.1
1011438111661663.4
1011438110786009.1
1011438108315970.8
1011438109410939.4
1011438110790249.8
1011438107126954
1011438115427301.6
1011438110060985.1
1011438111446182.6
1011438113650824.8
1011438110034008.1
