1011438086874919.1
1011438128463037.8
1011438125678454.2
1011438114112069.9
1011438121624168.4
1011438099857814.1
1011438108513204.1
1011438096473532.1
1011438128604165.1
1011438109351388.6
1011438120985941.6
1011438117244323
1011438081562128
1011438116332351.8
1011438115641275.9
1011438097980288.6
1011438078191669.5
1011438136703723.2
1011438128728554.5
1011438155127275.4
1011438105220846.8
1011438091686326.5
1011438125606523.1
1011438142393862.1
1011438119194706.2
1011438121391332.5
1011438095904891.4
1011438123027030.1
1011438119339731.8
1011438073896100
