1011437963470195.4
1011437847092228.6
1011437711018752.2
1011438339111708.8
1011438463983200.9
1011438718032652.2
1011438060757323.6
1011438113394594.9
1011437973586752.5
1011437977862455.2
1011437936230256.8
1011438442374778.9
1011438059975246.9
1011438487011232.2
1011437913362252.2
1011437506655186.4
1011437888806631.6
1011437854121435.2
1011438322977877.6
1011438105351192.4
1011438062281150.8
1011438264083702.2
1011437726693557.4
1011437977352076.2
1011438328795299.5
1011438045360184.9
1011437905096982
1011437821781639.2
1011438058725050.5
1011438290578520.9
