97183678358995435520
97183678359026630656
97183678359136436224
97183678359029579776
97183678359278862336
97183678357853503488
97183678359060512768
97183678360301289472
97183678360315445248
97183678359445209088
97183678359377477632
97183678359515283456
97183678360740446208
97183678358582853632
97183678358506274816
97183678359196155904
97183678359238426624
97183678359649894400
97183678357940977664
97183678358735405056
97183678358993829888
97183678359337189376
97183678360118460416
97183678358963830784
97183678359548444672
97183678359265247232
97183678359697096704
97183678359980851200
97183678360418828288
97183678359696834560
