97183678357638692864
97183678345367535616
97183678413735313408
97183678330516193280
97183678319162753024
97183678291828588544
97183678323864846336
97183678505711616000
97183678412984090624
97183678376535769088
97183678339719233536
97183678370077802496
97183678386969772032
97183678442079240192
97183678262416834560
97183678362557792256
97183678253721108480
97183678237551919104
97183678282840178688
97183678425904627712
97183678326548561920
97183678333934174208
97183678377921609728
97183678447840083968
97183678311825178624
97183678289702387712
97183678420111261696
97183678393033785344
97183678260616314880
9.718367847327e+19
