1011438881877905.4
1011437981522905.4
1011437325509065.9
1011437746973650.1
1011437610910214.4
1011438403269032.1
1011438678822289.5
1011438352367244.9
1011437283644286
1011438333519296.1
1011437625802744.8
1011438016952855.9
1011437826240236.1
1011437789547080
1011437956850873.4
1011438188125249.4
1011437760762462
1011437952930175.4
1011438451214668.5
1011438259219453
1011437624519608.6
1011438104746134
1011437740025179.5
1011438338560917.6
1011438050710108.5
1011437979581555.8
1011437632391347.1
1011437370095041.4
1011438249271509.2
1011438848632515.5
