97183678359495639040
97183678359505846272
97183678359506092032
97183678359499079680
97183678359505223680
97183678359509696512
97183678359503093760
97183678359508598784
97183678359507763200
97183678359509450752
97183678359502454784
97183678359499194368
97183678359508533248
97183678359506501632
97183678359501373440
97183678359497293824
97183678359499489280
97183678359508385792
97183678359506452480
97183678359505895424
97183678359515463680
97183678359497572352
97183678359510515712
97183678359506927616
97183678359493181440
97183678359501242368
97183678359490904064
97183678359498358784
97183678359502471168
97183678359507222528
