97183678359545053184
97183678358856712192
97183678359322673152
97183678359090741248
97183678358980362240
97183678359747444736
97183678358599041024
97183678358800629760
97183678359778148352
97183678359078567936
97183678360099553280
97183678358763618304
97183678359928750080
97183678359528177664
97183678359382409216
97183678359450025984
97183678360742641664
97183678358652370944
97183678359094804480
97183678359884185600
97183678359904960512
97183678360206606336
97183678358874554368
97183678359640473600
97183678359557062656
97183678360240422912
97183678358817964032
97183678359910727680
97183678360183980032
97183678358475980800
