1011438094628595
1011438098807855.9
1011438101366786.6
1011438095788259.1
1011438089306157.4
1011438091573227.1
1011438091434889.5
1011438092008314.9
1011438095262360.2
1011438088078502.5
1011438086951464.1
1011438099051806.5
1011438096392585.2
1011438095552411
1011438093416618.9
1011438103129642.2
1011438101178050.9
1011438095574563.9
1011438089507607.2
1011438096822015.8
1011438090301326.4
1011438103763928.4
1011438102185447.8
1011438092291017.1
1011438094510976.5
1011438098945493.1
1011438096101579.5
1011438096981908.5
1011438099410034.8
1011438096213888.2
