97183678361372033024
97183678360462983168
97183678366550949888
97183678360119590912
97183678361357451264
97183678360815763456
97183678361624248320
97183678363919417344
97183678361487441920
97183678355674202112
97183678355890880512
97183678360832655360
97183678359867359232
97183678359558242304
97183678360848482304
97183678361959579648
97183678360299814912
97183678360066162688
97183678364649750528
97183678360707072000
97183678357406679040
97183678362396606464
97183678364969893888
97183678357951266816
97183678359588077568
97183678361995313152
97183678359826169856
97183678359437230080
97183678359976902656
97183678360277614592
