97183678359455547392
97183678359462445056
97183678359440261120
97183678359519313920
97183678359492689920
97183678359491772416
97183678359461478400
97183678359459676160
97183678359476633600
97183678359429038080
97183678359460823040
97183678359463493632
97183678359531241472
97183678359511416832
97183678359476584448
9.7183678359472e+19
97183678359478091776
97183678359489675264
97183678359474618368
97183678359440736256
97183678359456432128
97183678359480369152
97183678359465246720
97183678359465050112
97183678359455154176
97183678359461199872
97183678359460364288
97183678359441948672
97183678359518019584
97183678359453761536
