97183677493518139392
97183677177059786752
97183679441420615680
97183678411025989632
97183677996287868928
97183677433879871488
97183680420097146880
97183677347649634304
97183678293983199232
97183678306555035648
97183679713518485504
97183676408187600896
97183677192300724224
9.7183678624183e+19
97183678244352131072
97183679416484839424
97183678828213698560
97183677951549882368
97183677318713016320
97183679497431875584
97183679069372186624
97183676777344483328
97183680807228882944
97183678610290966528
97183678814230429696
97183677868912984064
97183678304637763584
97183677235011584000
97183679958032105472
97183677306989150208
