97183678339126771712
97183678216850407424
97183678345543450624
97183678156825575424
97183678253845921792
97183678356496269312
97183678249934241792
97183678527830114304
97183678404586356736
97183678328342790144
97183678604727320576
97183678153010298880
97183678569425534976
97183678163996950528
97183678117668175872
97183678234060111872
97183678568313634816
97183678440069873664
97183678317916766208
97183678412388450304
97183678338060648448
9.718367846167e+19
97183678570679173120
97183678363977056256
97183678210947842048
97183678393143492608
97183678398790844416
97183678256193896448
97183678034377408512
97183678268254715904
