1011438072068731.4
1011438134822890.8
1011438124957130.4
1011438098883626.2
1011438095202664.4
1011438062048194.5
1011438132772724.5
1011438093497943
1011438097296683
1011438143914459
1011438126369633.9
1011438082410381.2
1011438129286500.9
1011438125502392.6
1011438109327310.1
1011438163387504.6
1011438090758050.4
1011438114443901.6
1011438134186893.4
1011438047875141.6
1011438020939562.6
1011438030881255.6
1011438085780998.8
1011438033341103.6
1011438159231739
1011438180245114.8
1011438068396916.6
1011438121821199.1
1011438185247477.1
1011438100820221.4
