97183678654299308032
97183678381166592000
97183678246488522752
97183678213680087040
97183677831783661568
97183678218778542080
97183677862814826496
97183678015782617088
97183678475214782464
97183678105155747840
97183678276698193920
97183678346241753088
97183677922666577920
97183677889529413632
97183678399851593728
97183678358269493248
97183678204711108608
97183678356093583360
97183678365720100864
97183678440068448256
97183678464682016768
97183678367986515968
97183678200127176704
97183678476505235456
97183678246753697792
97183678652177891328
97183678197712764928
97183678294658105344
97183678680045502464
97183678805852864512
