97183678358991486976
97183678361590972416
97183678346605543424
97183678358373466112
97183678343496646656
97183678375297089536
97183678358161113088
97183678358445539328
97183678366342742016
97183678351729885184
97183678348870090752
97183678347862196224
97183678364643016704
97183678351155363840
97183678386233327616
97183678362883063808
97183678377176842240
97183678361386205184
97183678381550682112
97183678352959307776
97183678356372963328
97183678389985640448
97183678352099524608
97183678381531643904
97183678358313484288
97183678352020094976
97183678365278519296
97183678343064961024
97183678359225548800
97183678364472246272
