97183678359535288320
97183678359534551040
97183678359535173632
97183678359534567424
97183678359534518272
97183678359533453312
97183678359534682112
97183678359532388352
97183678359533027328
97183678359533797376
97183678359533256704
97183678359535517696
97183678359535763456
97183678359535845376
97183678359536173056
97183678359535271936
97183678359532519424
97183678359533060096
97183678359537123328
97183678359532765184
97183678359533682688
97183678359533731840
97183678359535026176
97183678359534682112
97183678359531601920
97183678359533289472
9.7183678359531e+19
97183678359535927296
97183678359531438080
97183678359533977600
