97183678422424322048
97183678106736132096
97183678227758694400
97183678666265493504
97183678269620682752
97183678509322764288
97183678361223888896
97183678353944428544
97183678161760403456
97183678388579926016
97183678684652044288
97183678306913042432
97183678481947541504
97183678101406793728
97183678085565628416
97183678554761592832
97183678398522720256
97183678365794304000
97183678526262460416
97183678397592043520
97183678366009475072
97183678391305863168
97183678409190326272
97183678212102799360
97183678570903617536
97183678270517706752
97183678187599101952
97183678272119554048
97183678258548867072
97183678566449152000
