97183678359486234624
9.7183678359421e+19
97183678359485366272
97183678359447175168
97183678359480303616
97183678359472881664
97183678359456808960
97183678359484088320
97183678359451369472
97183678359468146688
97183678359453253632
97183678359487807488
97183678359508172800
97183678359462707200
97183678359450763264
97183678359470850048
97183678359450714112
97183678359500554240
97183678359456743424
97183678359476240384
97183678359465721856
97183678359442817024
97183678359462215680
97183678359467081728
97183678359421157376
97183678359484547072
97183678359440097280
97183678359429447680
97183678359432888320
97183678359460757504
