1011430828138490
1011436650400844.5
1011437703217602.6
1011440087245619.5
1011435522977262.8
1011435692731265.1
1011434231855129.4
1011444045296497.8
1011439618224545.1
1011448394562688.4
1011431810656903.8
1011438813039942.1
1011439463855399.2
1011450894341399
1011440103721498.5
1011430039478352.2
1011435153056779
1011442966104829.9
1011441802853431.4
1011434640656190.5
1011439935488564.2
1011437440068680.9
1011435228840157.4
1011435864841574.9
1011436670875426.2
1011442471924555.6
1011437439223861.8
1011437720805677.1
1011435320058667.4
1011439146246230.6
