1011438077481575.2
1011438093131904.9
1011438094255077.8
1011438072566631
1011438097511277.4
1011438059241045.8
1011438059891634.8
1011438091946770.5
1011438055459693.4
1011438096454828.4
1011438085659307
1011438059929372
1011438072452320.9
1011438085451031.5
1011438080800108.1
1011438102510414.4
1011438119918561.2
1011438089097227.5
1011438074998271.9
1011438081642662.1
1011438083982130.6
1011438077751641.2
1011438082145460.9
1011438076150534
1011438076316687
1011438070170649.8
1011438091194699.9
1011438078414290.5
1011438114342338.5
1011438076330095.5
