97183678227540475904
97183678376790130688
97183678253484785664
97183678286285570048
97183678250920394752
97183678310187106304
97183678325768650752
97183678269321805824
97183678249663053824
97183678391808507904
97183678327268704256
97183678382194933760
97183678407777419264
97183678391763189760
97183678460540583936
97183678321089134592
97183678301647716352
97183678269795745792
97183678402149400576
97183678416661708800
97183678435994583040
97183678343033946112
97183678220103221248
97183678316852084736
97183678303271780352
97183678274916155392
97183678460653928448
97183678436965154816
97183678177370128384
97183678425959809024
