97183678408623308800
97183678385206394880
97183678430565220352
97183678381317537792
97183678424952897536
97183678319673442304
97183678382099087360
97183678383121432576
97183678341802508288
97183678300776153088
97183678333356621824
97183678436168318976
97183678330128449536
97183678437296160768
97183678307375562752
97183678342090948608
97183678361690275840
97183678341218549760
97183678292515651584
97183678315538366464
97183678335874433024
97183678291171344384
97183678399713984512
97183678421702213632
97183678378597138432
97183678373701746688
97183678365539352576
97183678387613974528
97183678429814571008
97183678312549908480
