1011438295953595.4
1011438441845411.5
1011437459688598.5
1011437983524446.4
1011437357794924.1
1011438866193440.2
1011438223748715.2
1011437979387207.4
1011437236414694.9
1011437905932368.9
1011438154123221.8
1011437422684689.9
1011437803976912.2
1011437592278987.4
1011438291906421.1
1011438775141869.6
1011438001601669.6
1011438235038015.4
1011437933783812.4
1011438756378621.6
1011438817013056.9
1011438105478065.5
1011438810492816.4
1011438118790469.6
1011437545943923.9
1011438162171407.4
1011437603520529.1
1011437535925739
1011439046658458
1011438290654343.8
