97183678359476830208
97183678359505190912
97183678359514267648
97183678359498276864
97183678359500144640
97183678359591370752
97183678359557767168
97183678359526064128
97183678359535566848
97183678359579869184
97183678359522459648
97183678359444865024
97183678359518724096
97183678359476404224
97183678359464493056
97183678359523246080
97183678359597514752
97183678359504125952
97183678359623172096
97183678359658971136
97183678359689428992
97183678359541891072
97183678359538401280
97183678359518674944
97183678359506780160
97183678359573790720
97183678359566876672
97183678359612342272
97183678359586963456
97183678359479173120
