1011438047535566.1
1011437981611422.4
1011438019237062.4
1011438223753664.2
1011438143473857.6
1011438092318936.4
1011438199760948
1011438097364933.2
1011438118290016.4
1011438053733548.5
1011438175292842.8
1011438065575196
1011438250325315.8
1011438176567360.1
1011438336002124.8
1011437953160292.6
1011437938036090.1
1011438100188600.2
1011437977700285.6
1011438050960149.1
1011437789901383
1011437966057448.4
1011438122659252.4
1011438130748960.8
1011437892856726.9
1011438255522516
1011437979879900.5
1011438099267977
1011438248315769.8
1011438271181757.8
