1011438107044541.6
1011437643785454.4
1011438327643876.4
1011438239071731.1
1011437618302709.4
1011437713819414.9
1011438045648548.1
1011437888719420
1011437816859848.4
1011438138354201
1011438325195907.8
1011438207359291.5
1011437807995924.6
1011438093428272.1
1011438282991790.6
1011437909021139.4
1011438948563498.9
1011438090319294.2
1011437620540038.9
1011438364807646.4
1011438485478496.5
1011438447682451.2
1011438400759576.4
1011438790143805.8
1011437758608501.2
1011437686108299.9
1011437781398289.9
1011438044223317.5
1011438381131442.2
1011438474575143.5
