1011439386621111.9
1011438081646689.6
1011438528738382.9
1011439978905200.4
1011438004262542.8
1011438122320647.1
1011439079975264.2
1011438424432381.9
1011438606935534.4
1011438825868869.8
1011438650632557.9
1011438211696520
1011437972610354
1011438644821444.6
1011439676989104.2
1011437226911237.1
1011438325451492.6
1011438280679887.6
1011438627659563.5
1011438366260495
1011438407367089.2
1011439053434158.6
1011439408724781.1
1011438154634906.9
1011438433137711.5
1011437720357222.9
1011437710289820
1011436713949524.6
1011437735128242.4
1011439777657712.4
