97183678359518265344
97183678359489970176
97183678359604314112
97183678359552114688
97183678359545151488
97183678359548264448
97183678359532470272
97183678359538974720
97183678359483924480
97183678359519559680
97183678359522738176
97183678359535714304
97183678359496310784
97183678359507140608
97183678359526178816
97183678359549935616
97183678359532077056
97183678359541465088
97183678359534075904
97183678359546773504
97183678359547232256
97183678359571644416
97183678359512776704
97183678359505895424
97183678359546200064
97183678359520821248
97183678359504486400
97183678359539843072
97183678359498047488
97183678359519870976
