1011438103085511.1
1011438101494091.4
1011438101171682.8
1011438100679874
1011438098141697.4
1011438100700075.4
1011438099246507.8
1011438098125899.4
1011438103821124.5
1011438101348178.6
1011438100322946.2
1011438100655479.5
1011438103064898.5
1011438096833631.5
1011438102417002.1
1011438099653889.9
1011438100824116.1
1011438098669013.2
1011438100688272.8
1011438102076524.2
1011438100391992
1011438100110376
1011438104512633.4
1011438102069236.2
1011438100348885.4
1011438102198722.6
1011438100476478.5
1011438101163011
1011438097812113.4
1011438100517935.9
