1011438099505308
1011438085427987.4
1011438116663259.8
1011438113397820.5
1011438098926149.5
1011438112073502
1011438117195502.9
1011438139427795.1
1011438114316610.4
1011438081270772.6
1011438108372319.1
1011438102052946.2
1011438107533944.2
1011438090624887.4
1011438104744928.6
1011438109423871.5
1011438090843346.9
1011438103033610.5
1011438131814885.4
1011438096233496.4
1011438081805089
1011438121338936
1011438110010327.5
1011438107668506.6
1011438119964222.6
1011438103774906.8
1011438104496905.4
1011438093285732.1
1011438118987512.1
1011438119174696.4
