97183678359502225408
97183678359520460800
97183678359487381504
9.7183678359553e+19
97183678359566303232
97183678359539286016
97183678359545905152
97183678359502110720
97183678359530373120
97183678359489232896
97183678359552131072
97183678359523737600
97183678359516758016
97183678359514447872
97183678359525015552
97183678359520608256
97183678359513415680
97183678359521214464
97183678359535140864
97183678359479353344
97183678359544692736
97183678359529930752
97183678359547035648
97183678359527178240
97183678359490560000
97183678359502864384
97183678359517085696
97183678359534534656
97183678359549542400
97183678359508795392
