97183678359505289216
97183678359496474624
97183678359508369408
97183678359503208448
97183678359500914688
97183678359494934528
97183678359505272832
97183678359505731584
97183678359505584128
97183678359500242944
97183678359502094336
97183678359498932224
97183678359509434368
97183678359505141760
97183678359506419712
97183678359505502208
97183678359504257024
97183678359504207872
97183678359509975040
97183678359502274560
97183678359505633280
97183678359502520320
97183678359505338368
97183678359504584704
97183678359503028224
97183678359502831616
97183678359496146944
97183678359512383488
97183678359510925312
97183678359501471744
