1011438220875054.1
1011438154977844.2
1011438098966213
1011437886270500.6
1011438270334014.6
1011438206210659.4
1011438249615871.4
1011438461761149.9
1011438049942952.1
1011438059482493.9
1011438232334655.9
1011438250704652.8
1011438120229530.6
1011437971182602
1011438161850794
1011437919896901.2
1011438103590926.4
1011437962411451.5
1011437893319568.9
1011438124908666.8
1011437992625406.1
1011437854707857
1011438157110499.6
1011438238006882.4
1011438009007521
1011438065008699.5
1011438297460665
1011437921125397
1011437894669617.2
1011438055674207.5
