97183678358340894720
97183678359583424512
97183678359074816000
97183678360030691328
97183678359227514880
97183678359139958784
97183678359597514752
97183678359037722624
97183678358254403584
97183678359214800896
97183678359647600640
97183678358862168064
97183678359117922304
97183678359523704832
97183678359621533696
97183678358656172032
97183678358634053632
97183678358117335040
97183678358589259776
97183678359664803840
97183678358790963200
97183678359387209728
97183678359522377728
97183678360082120704
97183678359836737536
97183678359133847552
97183678358731587584
97183678359131930624
97183678359166451712
97183678359048601600
