1011438109805142
1011438110075613.6
1011438110812932.2
1011438110064088.1
1011438109109272.6
1011438110420129.2
1011438110305118.9
1011438110809182.6
1011438109540908.4
1011438110838287.4
1011438109981381.8
1011438109366167.1
1011438110479962.1
1011438110320783.8
1011438110975481.6
1011438110892125.1
1011438110691022.2
1011438110175050.8
1011438110061774
1011438110587752.5
1011438111022793.9
1011438110779023.2
1011438110734646.9
1011438109983740.4
1011438110087792.5
1011438110757059.9
1011438110441384.1
1011438109559164.5
1011438110741199
1011438110373180.2
