97183678359701929984
97183678359754473472
97183678359603101696
97183678359614881792
97183678359345889280
97183678359621533696
97183678359699062784
97183678359620583424
97183678359634870272
97183678359362600960
97183678359639932928
97183678359431380992
97183678359461527552
97183678359699718144
9.7183678359262e+19
97183678359372300288
97183678359434952704
9.7183678359728e+19
97183678359346610176
97183678359515906048
97183678359495327744
97183678359456038912
97183678359560830976
97183678359455563776
97183678359467016192
97183678359820795904
97183678359411851264
97183678359632576512
97183678359432511488
97183678359836295168
