1011438213439718.2
1011436580953340.2
1011438555376314.2
1011438630646844.5
1011438402754877.8
1011437636771304.2
1011438200972167.1
1011437538420198.9
1011436410301002.4
1011437955364895.4
1011438447731869.6
1011439007166275.8
1011437383929143.1
1011437890975231.6
1011437799260650.4
1011438311925342
1011439123055829.2
1011438642096015
1011438139723773.4
1011436534951409.5
1011438091839665.6
1011438910105410.1
1011437628339821.8
1011438425446772.1
1011437864517205.6
1011438364601598.5
1011437323509929.4
1011438957153823.1
1011440002252588
1011438823930634
