1011438048113155.8
1011438102392396.5
1011438188807661.4
1011438083557912.5
1011438197959835.1
1011438123868973.9
1011438136963197.8
1011438106468210.6
1011438063582080.1
1011438180318102.6
1011438117775788.2
1011438033412309.4
1011438056283353.6
1011438149516717.4
1011438059612010
1011438077361148
1011438108308858
1011438157367579.6
1011438088294317.8
1011438128032307
1011438054333368.4
1011438099784512.6
1011438116572511.1
1011438183684553.6
1011438159921064.1
1011438204333419.2
1011438030875875.9
1011438042179798.9
1011438077111740.1
1011438094303217.6
