97183678359532273664
97183678359532257280
97183678359534469120
97183678359534944256
97183678359532699648
97183678359534354432
97183678359533322240
97183678359534141440
97183678359532961792
97183678359532093440
97183678359531831296
97183678359532060672
97183678359533060096
97183678359534551040
97183678359534141440
97183678359534665728
97183678359534600192
9.7183678359532e+19
97183678359535828992
97183678359535091712
97183678359534567424
97183678359534403584
97183678359532191744
97183678359531651072
97183678359532503040
97183678359534174208
97183678359533043712
97183678359532912640
97183678359534321664
97183678359534223360
