1011438570115793
1011436712047455.5
1011437610565682.2
1011437329722514.9
1011438940345181.2
1011441060850764.9
1011437694455126.1
1011438965658661.5
1011438071153078.1
1011438036019583.6
1011439511731910.9
1011437734249465.1
1011438390227865
1011440449190019.4
1011436027821938.9
1011437623845607.4
1011438141262216.5
1011437542365649.9
1011438371113240.9
1011437599526353.1
1011439859203825.8
1011437649788079.9
1011436211283541
1011441215671847.5
1011438824857161.9
1011440774011390.8
1011439098231725.4
1011440415311812.4
1011437009984544
1011438325751241.2
