1011438110573273.4
1011438111239170.4
1011438110632201.1
1011438110797513.4
1011438110923854.8
1011438110724323.2
1011438110574716.2
1011438110882839.9
1011438110643114.9
1011438110878800.4
1011438110475315.5
1011438110801151.2
1011438110521051.9
1011438110490595.8
1011438111091519.5
1011438110582850.9
1011438110819122.5
1011438110492176.8
1011438110824713.8
1011438110777457
1011438110523104.2
1011438110670017.1
1011438110372175.1
1011438110709786.9
1011438110731119.8
1011438110941874.1
1011438110693729
1011438110815638.9
1011438110679105.9
1011438111039693.2
