97183678357751857152
97183678359646748672
97183678359195779072
97183678361306152960
97183678358332964864
97183678355810287616
97183678355168083968
97183678361704235008
97183678355807649792
97183678359069655040
97183678358796337152
97183678355858931712
97183678361462833152
97183678360318853120
97183678357621932032
97183678357948022784
97183678357201862656
97183678357416280064
97183678363013906432
97183678357934473216
97183678362088456192
97183678359156457472
97183678354609176576
97183678359188258816
97183678359734927360
97183678357449441280
97183678356449509376
97183678357061697536
97183678357420785664
97183678359434346496
