1011438102173395.1
1011438103482859.4
1011438097811605.9
1011438099878939.8
1011438101086413.8
1011438103607769.6
1011438100477656
1011438099298046
1011438100711871.4
1011438100499449.5
1011438097692010
1011438100915182.1
1011438101236805.6
1011438100728206.9
1011438102423099.9
1011438101591146.8
1011438098173623.6
1011438102747234.6
1011438103065114.1
1011438098812097.2
1011438100267870
1011438102940260.4
1011438102238070.6
1011438103442244.9
1011438103449529
1011438100056169.9
1011438100421114.1
1011438100404771.5
1011438099841219.1
1011438101756971.8
