97183678359549083648
97183678359550885888
97183678359581655040
97183678359511236608
97183678359564222464
97183678359527915520
97183678359534157824
97183678359530405888
97183678359530389504
97183678359495327744
97183678359527784448
97183678359531438080
97183678359540842496
97183678359545593856
97183678359573364736
97183678359552655360
97183678359516774400
97183678359546494976
97183678359525752832
97183678359550836736
97183678359539482624
97183678359504158720
97183678359558045696
97183678359552933888
97183678359562502144
97183678359508680704
97183678359510827008
97183678359543414784
97183678359519444992
97183678359506518016
