97183678359168139264
97183678359123869696
97183678359833247744
97183678360131403776
97183678360985534464
97183678359396122624
97183678359351541760
97183678359710154752
97183678359456268288
97183678358799138816
97183678359115382784
97183678359222255616
97183678359447158784
97183678359691689984
97183678360042799104
97183678359754522624
97183678359435608064
97183678359234019328
97183678359716331520
97183678359717101568
97183678358700326912
97183678359872143360
97183678359140958208
97183678358206562304
97183678359005331456
97183678359288856576
97183678358256926720
97183678358868131840
97183678358489104384
97183678359755571200
