1011438113464993.5
1011438108502259
1011438111256679.4
1011438110395775.1
1011438108694068.4
1011438110748225.1
1011438111484797.6
1011438113439301.1
1011438109555740.5
1011438108929675.8
1011438109558229.2
1011438108986015.6
1011438111129933.9
1011438110228801
1011438110229373
1011438109640823.6
1011438109048746.6
1011438109716939
1011438108100552.6
1011438111692240.1
1011438110331480.9
1011438112422113.8
1011438113560011.2
1011438108946713
1011438109794214.5
1011438110288269.1
1011438112580593.6
1011438111593011.1
1011438112358619.6
1011438110965373.5
