1011438061033559
1011438075634016.1
1011438089500314
1011438091052976.6
1011437975085564.5
1011438045379451
1011438079885807.8
1011438025560221.6
1011438081549410.2
1011438088019357.6
1011438121195548.2
1011438063865625.5
1011438175140168.6
1011438064154014.6
1011437986669761.4
1011438116908455.4
1011438085106514.6
1011438088604818.4
1011438039756788.9
1011438202153786.6
1011438006043669.1
1011438033159632
1011438077900919.5
1011438066419954.9
1011438078374839.8
1011438047919357.2
1011438104039419.1
1011438115389682
1011438096880132.9
1011438127237125.2
