1011437786764903.2
1011437871304894.6
1011437580687962.4
1011438203031283.1
1011437718984629.5
1011438739773832.9
1011438182055777.2
1011437499411579.8
1011437704620394.9
1011437928760833
1011438441863520
1011437898719602.2
1011437899934738
1011437494618708.4
1011438419196966.4
1011438004565173.5
1011439078863897
1011438199746951.4
1011438035259735.9
1011437795055610
1011437656854858.4
1011438379796435.2
1011438757685543.9
1011438767762515.1
1011437937472837.1
1011437603701225.1
1011438786603042.2
1011438782872727.2
1011438238720563.4
1011437657715840.9
