1011438105635116
1011438107558373.2
1011438106645719.1
1011438107795188.8
1011438111384344.4
1011438109317015.1
1011438110450281.1
1011438113416099.9
1011438109918884.5
1011438111690074.4
1011438110344032.4
1011438111567202.2
1011438113391005
1011438112392677
1011438114013189.5
1011438115283472.6
1011438105367526.4
1011438107920677.8
1011438109023300.4
1011438111251741.1
1011438109361177.4
1011438108688128.6
1011438114183516.6
1011438108689533.1
1011438108877855.1
1011438111235823.1
1011438108187558.4
1011438102959636.9
1011438108776746.4
1011438112290688
