97183678359309565952
97183678359377526784
97183678359269277696
97183678359389159424
97183678359326900224
97183678359349559296
9.7183678359305e+19
97183678359267213312
97183678359541727232
97183678359265017856
97183678359476846592
97183678359520231424
97183678359296573440
97183678359376756736
97183678359408869376
97183678359545266176
97183678359373987840
97183678359513137152
97183678359340515328
97183678359464542208
97183678359493869568
97183678359165140992
97183678359314612224
97183678359323983872
97183678359474061312
97183678359377084416
97183678359391043584
97183678359354703872
97183678359259332608
97183678359414243328
