1011438116208884.1
1011438122880051
1011438104891514.6
1011438132661922.1
1011438095315814.5
1011438117046095.2
1011438101884134.5
1011438082501648.9
1011438108485747.8
1011438095711143
1011438143225159.1
1011438127186881.8
1011438105026147.8
1011438106655376.5
1011438104337135.9
1011438099179569.8
1011438091402952.8
1011438122590946.6
1011438083284361.8
1011438096874573.5
1011438101301964.4
1011438094497952.1
1011438107894596.5
1011438113039002.9
1011438101717308.4
1011438118049487
1011438127497129.5
1011438137337404
1011438109927541.1
1011438107471599.6
1011438118750825.6
1011438100882673.4
1011438119454476.2
1011438134271507
1011438130668093.6
1011438101963247.6
1011438130095610.5
1011438097526264.8
1011438139979589.9
1011438125545883.9
1011438104042831.5
1011438128674821.4
1011438126071719
1011438133178623.5
1011438111825335.6
1011438141671516.8
1011438117270776
1011438127754379.2
1011438113630010.5
1011438123706585.9
