1011437967518453.4
1011439039081922.9
1011439370285718.2
1011439265355881.6
1011438100603216.4
1011438734582425.5
1011438289316385.5
1011436276939874
1011437409797307.2
1011437380655395.8
1011438026382498.9
1011439283434207.2
1011437176693567.5
1011439185292494
1011436528590739.1
1011436542064419.9
1011439786670132.2
1011436588668691.9
1011436199356998.9
1011435990314441.9
1011439696276077.4
1011436773452478
1011438054232390.6
1011440428752250.6
1011437250381433.2
1011438099377838.1
1011441238445943.8
1011438084771944.5
1011437194944938.5
1011436931444442.1
