97183678355076874240
97183678358281748480
97183678360884527104
97183678355218808832
97183678363830665216
97183678357371797504
97183678356743782400
97183678364359852032
97183678361178275840
97183678359421075456
97183678358716825600
97183678358613213184
97183678357679767552
97183678360719360000
97183678359412211712
97183678355866435584
97183678360201953280
97183678360263835648
97183678357882667008
97183678359840899072
97183678361214648320
97183678359485956096
97183678360175296512
97183678355809337344
97183678358598549504
97183678360565465088
97183678357073477632
97183678349803945984
97183678359857496064
97183678364049801216
