97183678027340693504
97183678374630719488
97183678694952517632
97183678829376946176
97183677822286987264
97183677026377695232
9.7183680701419e+19
97183679057039081472
97183677952507723776
97183679175103741952
97183677562778796032
97183677607315685376
97183678882073018368
97183677264110403584
97183675611725201408
97183679618871640064
97183677616742891520
97183676841405169664
97183676323206348800
97183679983941713920
97183678262537699328
97183678807702716416
97183678839154016256
97183677602307571712
97183679475692781568
97183679967239438336
97183678400877985792
97183677820782592000
97183676958470422528
97183678273458601984
