97183678359504699392
97183678359505944576
97183678359505469440
97183678359495114752
97183678359499063296
97183678359500980224
97183678359500111872
97183678359497785344
97183678359498752000
97183678359503126528
97183678359507927040
97183678359506796544
97183678359509532672
97183678359510171648
97183678359512367104
97183678359504306176
97183678359505633280
97183678359499571200
97183678359502651392
97183678359512170496
97183678359490052096
97183678359491051520
97183678359508090880
97183678359497097216
97183678359499718656
97183678359504142336
97183678359497654272
97183678359503208448
97183678359501946880
97183678359510941696
