1011438086706161.1
1011438103767565.8
1011438093105065.1
1011438125185038.4
1011438131113444.8
1011438101274984.4
1011438071804310.9
1011438099084885.1
1011438116610558.2
1011438085104659.5
1011438116124865.4
1011438159093475.5
1011438118693951
1011438069094157.5
1011438130401446.1
1011438097174500.9
1011438112678553.9
1011438084568084.9
1011438097494846.9
1011438100130222.6
1011438141222479.5
1011438118934545.5
1011438107608166.1
1011438120192976.5
1011438087147034.6
1011438095075216
1011438114862406.9
1011438070229757.6
1011438115504188.5
1011438130285066.8
