97183678359511465984
97183678359500832768
97183678359511023616
97183678359501012992
97183678359492313088
97183678359505420288
97183678359503110144
97183678359499472896
97183678359498752000
97183678359496605696
97183678359503110144
97183678359501914112
97183678359506010112
97183678359502340096
9.7183678359504e+19
97183678359495688192
97183678359502372864
97183678359505010688
97183678359506403328
97183678359499522048
97183678359506452480
97183678359499915264
97183678359487561728
9.7183678359494e+19
97183678359509123072
97183678359511416832
97183678359504781312
97183678359498784768
97183678359509106688
97183678359501242368
