97183678414417117184
97183678361179324416
97183678364443230208
97183678441291137024
97183678415440543744
97183678305156808704
97183678449589256192
97183678515596722176
97183678414468071424
97183678484906360832
97183678311124811776
97183678340133093376
97183678318793555968
97183678413504331776
97183678305531543552
97183678360982192128
97183678448319021056
97183678428920872960
97183678291701153792
97183678249395208192
97183678405380849664
97183678373257871360
97183678338088599552
97183678315273388032
97183678367581896704
97183678346747494400
97183678342678478848
97183678294603120640
97183678452156465152
97183678383304720384
