97183678359532011520
97183678359534157824
97183678359533633536
97183678359533371392
97183678359532240896
97183678359531503616
97183678359533191168
97183678359536828416
97183678359533158400
97183678359531716608
97183678359533043712
97183678359532683264
97183678359534518272
97183678359534174208
97183678359534223360
97183678359533158400
97183678359533928448
97183678359534960640
97183678359534174208
97183678359535353856
97183678359532322816
97183678359533928448
97183678359534649344
97183678359533305856
97183678359532617728
97183678359532208128
97183678359533846528
97183678359533420544
97183678359532748800
97183678359534370816
