1011438096837202.4
1011438096003253.6
1011438098408204.2
1011438095424029.8
1011438093258154.2
1011438094248119.5
1011438097592661.2
1011438092732338.9
1011438100784485.9
1011438091502948.5
1011438096868152
1011438095919580
1011438096082916.6
1011438096017353.6
1011438097060482.6
1011438091696486.6
1011438102598025.1
1011438095700136.2
1011438098850093.2
1011438092400490.6
1011438093141719.5
1011438094217672.5
1011438094645639
1011438090976628
1011438094282833.5
1011438093928972.1
1011438100391426.4
1011438102800619.9
1011438095915027.8
1011438095416029.1
