1011438088859396.8
1011438085881736.5
1011438096727561.1
1011438102561758.8
1011438098687673
1011438081753688.9
1011438089953722.8
1011438092538534.5
1011438094490463.5
1011438103398777.9
1011438091136091
1011438092961886.8
1011438072410907.8
1011438103128666.9
1011438087087850.8
1011438084616101
1011438081961923.8
1011438089970938.2
1011438080862211
1011438085927149.4
1011438082080936.6
1011438096310125.8
1011438091420798.4
1011438088562833.9
1011438090458512.1
1011438079991881.4
1011438086819233.5
1011438094217713.5
1011438089951243.5
1011438092700406.4
