1011438104779620.9
1011438109461210.5
1011438124664767.5
1011438118751465.9
1011438105289693.8
1011438108039000.2
1011438111303094.2
1011438106034335.9
1011438102448892.4
1011438114883878.9
1011438111958668.4
1011438111867774.4
1011438118614150.1
1011438104292102.4
1011438120536084
1011438111067990.1
1011438109749213.2
1011438107004067.4
1011438106634333.6
1011438107941269.9
1011438116820266.5
1011438116748478.2
1011438112506737.5
1011438102829592.8
1011438105615471.6
1011438109836990.2
1011438106621309.9
1011438107512743
1011438112142915.8
1011438112054528
