1011438111487055
1011438109945532.8
1011438111164759.5
1011438111604960.2
1011438110946744.9
1011438110911256.2
1011438110925233
1011438111440534.9
1011438110771140.2
1011438110562289.5
1011438110587584.1
1011438110212873.1
1011438110953709.8
1011438109854261
1011438110924529.9
1011438110800904.1
1011438111081271.8
1011438111662576.1
1011438111144999.8
1011438111189369
1011438109868073.1
1011438110453709.9
1011438110520777.4
1011438111247040.1
1011438111112544.9
1011438111369842.1
1011438110379033.2
1011438111716739
1011438110977734.9
1011438110430821.1
