1011438112435761.1
1011438127359184
1011438104824596.8
1011438086179504.2
1011438128597334.2
1011438141005930.1
1011438141497791.5
1011438094336959.4
1011438089684612.5
1011438085918187.8
1011438154183154.5
1011438111651709.5
1011438124178064.1
1011438096080003.2
1011438092951347.9
1011438049986148.8
1011438085177965.5
1011438109928243.1
1011438087913708.4
1011438104605105.8
1011438148427352.9
1011438119675170.9
1011438090431720.8
1011438127475013
1011438124006087.8
1011438108325325
1011438106081366
1011438124952360.6
1011438122240758.2
1011438120825309.6
