97183678358922379264
97183678357318615040
97183678358518218752
97183678356602339328
97183678357611741184
97183678359531618304
97183678357958557696
97183678359085711360
97183678362237763584
97183678360488198144
97183678361240125440
97183678359900160000
97183678357878112256
97183678367203721216
97183678363527479296
97183678358716301312
97183678357792653312
97183678362599276544
97183678361528893440
97183678359964778496
97183678357950414848
97183678359616847872
97183678363227275264
97183678359647748096
97183678361199149056
97183678359208017920
97183678354807570432
97183678356882374656
97183678360615288832
97183678361516703744
