97183678359798611968
97183678358933569536
97183678359976460288
97183678359458136064
97183678360216682496
97183678359372791808
97183678359921491968
97183678359324246016
97183678359850319872
97183678359609229312
97183678359552032768
97183678359878221824
97183678359217455104
97183678359454793728
97183678360066752512
97183678359079223296
97183678359386685440
97183678359802298368
97183678358850519040
97183678359016734720
9.7183678359534e+19
97183678360066080768
97183678359459692544
97183678359525343232
97183678358434086912
97183678359127179264
97183678358639738880
97183678359106174976
97183678360401117184
97183678359444586496
