97183678447956443136
97183678371336306688
97183678383713026048
97183678400330072064
97183678445527138304
97183678329843531776
97183678430052188160
97183678346649796608
97183678327762190336
97183678275605741568
97183678390296461312
97183678337374388224
97183678374573391872
97183678360183144448
97183678314386489344
9.7183678365824e+19
97183678389402828800
97183678425407733760
97183678370304770048
97183678349033684992
97183678367887818752
97183678323739426816
97183678361294405632
97183678348154421248
97183678508088983552
97183678351615377408
97183678385480138752
97183678334866145280
97183678323217416192
9.718367840433e+19
