1011438047557127
1011437900126026.2
1011437814637528.5
1011438425098164.8
1011438268821402.8
1011438147445948.9
1011438558853686.5
1011438291357725.4
1011438239239013.6
1011438102726805
1011438056464252.9
1011438197100185
1011438371580503.8
1011438059391531.5
1011437996418838
1011438027922452.1
1011438111475239
1011438047734524.5
1011438327120672.9
1011438193258961
1011438055663933.8
1011438181588070.9
1011438013356374.6
1011438244169980.9
1011438200622985.5
1011437774628893.2
1011438126833032.4
1011438115906255
1011438111368976.8
1011438268045663.9
