97183678388231700480
97183678447028617216
97183678318379925504
97183678235321171968
97183678433275330560
97183678410574397440
97183678403389538304
97183678411803672576
97183678487065362432
97183678290904514560
97183678270887608320
97183678413057753088
97183678320590700544
97183678384335634432
97183678350938062848
97183678441448128512
97183678406807552000
97183678386489769984
97183678295318970368
97183678271219974144
97183678340057628672
97183678338642673664
97183678427918745600
97183678229285601280
97183678478701658112
97183678267572715520
97183678336329056256
97183678382446493696
97183678341649776640
97183678323972243456
