1011438022465479.4
1011438139805890.5
1011438096547629.4
1011438084673696.4
1011438098633312
1011438106742948.9
1011438040725149.2
1011438195397341
1011438204687508
1011438097344642.9
1011438056327544.5
1011438095935650.9
1011438140071980.5
1011438066604555.1
1011438054819169.6
1011438081191063.2
1011438177448621.6
1011438107399289.9
1011438088886960.9
1011438071876983.4
1011438120978385.9
1011438129215954.6
1011438115261345.8
1011438139534910.5
1011438045231695.9
1011438099996731.9
1011438196887613.2
1011438126657522.2
1011438063173978.8
1011438120895421.6
