1011438094001700
1011438106741774.2
1011438098342360.8
1011438095773573.6
1011438100861283.6
1011438092303565.2
1011438097060042.9
1011438097783390.8
1011438102833614.9
1011438096122755.9
1011438096084341.9
1011438095777665.6
1011438098749252.2
1011438105392220.6
1011438107581572.4
1011438092898245.1
1011438093661756.5
1011438101707481
1011438090927018.8
1011438099234812.6
1011438096313881.4
1011438094564100.1
1011438087009038.5
1011438097433898.6
1011438095982651.4
1011438087615418
1011438098549838.1
1011438093658956
1011438100969954.8
1011438099145195.8
