97183678359019470848
97183678359430152192
97183678359316398080
97183678359374741504
97183678359481270272
97183678359166369792
97183678359330258944
97183678359437688832
97183678359484923904
97183678359270490112
97183678359179706368
97183678359239770112
97183678359380443136
97183678359199727616
97183678359286628352
97183678359347232768
97183678359669768192
97183678359318642688
97183678359172366336
97183678359115743232
97183678359422582784
97183678359177101312
97183678359040196608
97183678359502749696
97183678359232970752
97183678359193206784
97183678358827614208
97183678359273603072
97183678359495688192
97183678359232184320
