1011437861979731.2
1011438190363290
1011438107758157.1
1011437817247799.6
1011438055221284.6
1011438353313816.1
1011437884216415.5
1011437604774353.2
1011437780392248.9
1011438247807824.8
1011438293048604.1
1011438466917029.8
1011437578423337.8
1011438266282243.8
1011437819749513.2
1011438128556893.9
1011438454432237.1
1011438424242058.4
1011437548894757.8
1011438336080448.2
1011438002891488.2
1011438290384879.6
1011438571934484.4
1011437502281602.6
1011438511778758
1011439129881040.8
1011437680261588.4
1011437415445012.5
1011438076238456.1
1011438285037526.2
