1011438533470056.5
1011440389340818.5
1011438622862699.2
1011435580576514.5
1011437262972880.6
1011438585202570.8
1011438274081755.6
1011437031753758.4
1011438697027948.6
1011437556387602.8
1011439647241091.4
1011439491964092.2
1011436759679546.4
1011439858712099.4
1011436786965761.1
1011436889374188.6
1011438200784095.5
1011435967992432.9
1011438848139488
1011437972834641.9
1011439254512034.6
1011439226502533.8
1011436164594386.4
1011439332424590.4
1011437809568410.2
1011437393460509.8
1011440511144765.4
1011437315996770.2
1011436702598263.5
1011438986598694.5
