1011438332352871.8
1011437929505802.2
1011438293985033.8
1011438193244528.8
1011438061985555.1
1011438064508581.6
1011438147344626.1
1011438091617104.8
1011438004322911.1
1011438148447080.8
1011438113270007.9
1011437759840509.4
1011438136459901.8
1011438109835484.1
1011437933822310.5
1011438205048451.1
1011438042978874.5
1011437891977160
1011438165942747.6
1011437776980583
1011438200617243.5
1011438120733929.4
1011438061406241.9
1011438153808899.2
1011438254498389.2
1011437928161664.9
1011438005865610
1011437628429172.1
1011438216594230.5
1011438039177847
