97183678359768285184
97183678359791910912
97183678360159682560
97183678360437489664
97183678360804245504
97183678359450075136
97183678359176708096
97183678359178985472
97183678360376066048
97183678359807328256
97183678361358565376
97183678357656780800
97183678359241277440
97183678360045273088
97183678359602675712
97183678359338696704
97183678360144019456
97183678360654315520
97183678359642292224
97183678358980444160
97183678359769137152
97183678359283613696
97183678357999124480
97183678359578574848
97183678359467950080
97183678359515938816
97183678358415392768
97183678360410161152
97183678359321411584
97183678359746396160
