1011438082613593.8
1011438078240988.4
1011438082771468.1
1011438095489323.6
1011438098310691.5
1011438089780350
1011438081148066.9
1011438087848895.1
1011438102989954.8
1011438092243400.1
1011438054325037.6
1011438104245150.9
1011438057032324.8
1011438092403560.1
1011438090806592.4
1011438098127063.2
1011438064349000
1011438077637472.5
1011438086261850.9
1011438081475972.5
1011438098321070.8
1011438092477427.2
1011438069373422
1011438103139414.1
1011438079067999.1
1011438092685422.6
1011438075109096.6
1011438081096639.1
1011438106491225.6
1011438100171935.5
