1011438103378891.6
1011438103701158.6
1011438105336906
1011438105373482.4
1011438104317698.9
1011438104421065.5
1011438104806634.2
1011438104432478.1
1011438104803711.6
1011438105044081.6
1011438104729576.2
1011438104606147
1011438104880615.1
1011438104040720
1011438104758741.1
1011438104654577.6
1011438104268219.4
1011438104039878.5
1011438104264220.1
1011438104599592
1011438104603177.1
1011438105299440.9
1011438104891799.6
1011438103466868.9
1011438104101089.6
1011438104464564.2
1011438104280262.9
1011438104329791.5
1011438104307869.5
1011438104146712.2
