97183678204189229056
97183678364913549312
97183678307394748416
97183678380773605376
97183678209081524224
97183678167226204160
97183678093846364160
97183678550876553216
97183678615684907008
97183678427143880704
97183678516065517568
97183678207967232000
97183678189485670400
97183678062754971648
97183678474048962560
97183678309796560896
97183678340557783040
97183678505485025280
97183678450617384960
9.7183678354135e+19
97183678470337069056
97183678416351395840
97183678323308494848
97183678263693459456
97183678470312083456
97183678389997813760
97183678326360850432
97183678438165676032
97183678327643521024
97183678227095339008
