97183678340757979136
97183678586474708992
97183677961713680384
97183678452909555712
97183678479831121920
97183678556613263360
97183678517447901184
97183678265447202816
97183678234985447424
97183678389940813824
97183678457521274880
97183678467810328576
97183678380033458176
97183678311596343296
97183678360223334400
97183678527115493376
97183678324866088960
97183678406026510336
97183678379081498624
97183678171962474496
97183678313537503232
97183678505072295936
97183678384155394048
97183678157424279552
97183678235580645376
97183678531183411200
97183678409034629120
97183678285982957568
97183678349251543040
97183678565417648128
