97183678351926345728
97183678367833538560
97183678353814077440
97183678356547502080
97183678334435639296
97183678371160735744
97183678350032257024
97183678346986864640
97183678321973739520
97183678333716987904
97183678374414024704
97183678357379104768
97183678382597537792
97183678348287262720
97183678360633622528
97183678375201030144
97183678339724673024
97183678355120832512
97183678386415124480
97183678376900427776
97183678339317645312
97183678331860631552
97183678357640986624
97183678343313047552
97183678371222831104
97183678369711030272
97183678342954958848
97183678354719801344
97183678363194097664
97183678360590630912
