97183678358644457472
97183678359845437440
97183678359286398976
97183678358789357568
97183678359042899968
97183678360681840640
97183678359338926080
97183678359033085952
97183678358600941568
97183678359943987200
97183678358347235328
97183678360696635392
97183678359316905984
97183678359608705024
97183678359761780736
97183678358810968064
97183678360103960576
97183678359644700672
97183678359356473344
97183678359320788992
97183678359761911808
97183678359463510016
97183678359245373440
97183678358872719360
97183678359076831232
97183678360488771584
97183678359098605568
97183678359452024832
97183678359799595008
97183678359336337408
