1011438391503680.9
1011437350102310.8
1011438065783938.4
1011438924813049.9
1011437919466279
1011436016898269.6
1011437747055505.5
1011438544671733.8
1011438265159530.2
1011436741881579.2
1011438937248403.8
1011437365387096.5
1011437030797728.6
1011437761944303.1
1011436688887740
1011438878172425.8
1011439635210136.4
1011437758406929.5
1011437227558404
1011439329839599.2
1011436948549231.5
1011438402551823.5
1011438592942060.5
1011437739533786.5
1011439629573218.6
1011438406851706.1
1011436574156140.2
1011437520927608.5
1011437794793594.6
1011438590476394.8
