1011442826414925.1
1011435796044232.9
1011441682068753
1011441239728827.8
1011435073058624.1
1011439419548027.2
1011439758115550.9
1011434831272997.8
1011442467174799.5
1011438657356789.8
1011435851505734.6
1011437886545350.8
1011435254706941.2
1011437059026153
1011440272850193.9
1011434816221512
1011441565182248.2
1011446731865182.5
1011439355918888.5
1011434494344947.6
1011436957068558.5
1011432988822299.5
1011438893357218.5
1011436190816984.8
1011434143654484.1
1011439690720721.6
1011439168097266
1011442677567324.1
1011440017016826
1011448717083824.5
1011433098643783.4
1011437132875058.6
1011439693956607.6
1011438563102511.6
1011442430770007.5
1011438902980358.4
1011437981585625.4
1011435758894350.6
1011434328587834.8
1011435269234502.4
