1011438140245893.2
1011438042260686.6
1011437959244731.2
1011437955089500.1
1011438068279207.5
1011437990227867.2
1011437860924534.1
1011437923881940.5
1011438036109423
1011437654562703.1
1011438220282491.6
1011438202498255.9
1011438017441296.2
1011437854516514.4
1011437916595021
1011437978875706.2
1011438022623040.2
1011437997505230.1
1011438079632175.9
1011437852813812.5
1011437933571452.8
1011438008997003
1011437825029283.1
1011438171505507.5
1011437971933128.6
1011438233573637.4
1011438142798029.1
1011438136392387.6
1011437858869965
1011438127851496.9
