97183678359567876096
97183678359561076736
97183678359473438720
97183678359789584384
97183678359471308800
97183678359513726976
97183678359632265216
97183678359480893440
97183678359766351872
97183678359529226240
97183678360133074944
97183678359590174720
97183678359475159040
97183678359553228800
97183678359686217728
97183678359647404032
97183678359827742720
9.7183678359425e+19
97183678359552933888
97183678359549231104
97183678359714349056
97183678359471685632
97183678359482564608
97183678359520198656
97183678359443439616
97183678360000102400
97183678359651450880
97183678359636017152
97183678359661215744
9.7183678359575e+19
