97183678359581343744
97183678359543103488
97183678359528226816
97183678359506288640
97183678359555850240
97183678359518265344
97183678359540023296
97183678359521296384
97183678359542693888
97183678359517167616
97183678359519215616
97183678359528980480
97183678359541547008
97183678359524491264
97183678359555325952
97183678359520657408
97183678359524278272
97183678359542906880
97183678359542710272
97183678359531077632
97183678359529127936
97183678359525130240
97183678359519100928
97183678359522115584
97183678359533305856
97183678359530487808
97183678359546068992
97183678359586242560
97183678359539597312
97183678359614062592
