97183678005489680384
97183678370030305280
97183678620869165056
97183678235080982528
97183678219306745856
97183678022726500352
97183677861163286528
97183678831614885888
97183677992139849728
97183678605443596288
97183678241767849984
97183678169178456064
97183678377190064128
97183678110813814784
97183677964142297088
97183678414886518784
97183678299669413888
9.7183677949507e+19
97183678818467643392
97183678298748354560
97183677876124319744
97183677735230881792
9.7183678276933e+19
97183678830729887744
97183678367601098752
97183678095030534144
97183678489465602048
97183677838625538048
97183678046292279296
97183677579938922496
