1011438108785493.5
1011438145442309.5
1011438108544308.6
1011438046507665.4
1011438168220080.4
1011438054206716.6
1011438058159046.8
1011438020697405.4
1011438133272911.4
1011438014980811.6
1011438060119966.5
1011438141110212
1011438078567262.6
1011438159979662.6
1011438105668065
1011438137125907.6
1011438105707896
1011438131833099.1
1011438083988118
1011438054693344.1
1011438112635723
1011438067617683.9
1011438118329757
1011438131466732.1
1011438121398103.4
1011438158126461.2
1011438084951815.9
1011438069526273.8
1011438043292222.6
1011438128509674.2
