1011438075231482.9
1011438057047257.1
1011438013696111.1
1011438127989850.8
1011437960660239
1011438035631020.8
1011438145970414.9
1011438177001787.1
1011438083791098.9
1011438050593784.8
1011438036693245.8
1011438208533390.6
1011438090098528.4
1011438074541982.9
1011438130360268.2
1011438012258803.6
1011438167661275.1
1011438093314155
1011438070072704.4
1011438142145337.6
1011438000289712
1011438063991952.9
1011438016310916.5
1011438154824674.8
1011438106910316.6
1011438035679356
1011438137077328.2
1011438039371804.1
1011438127473348.2
1011438094209517.2
