97183678359542644736
97183678359528177664
97183678359533944832
97183678359529717760
97183678359535796224
97183678359542562816
97183678359533568000
97183678359530864640
97183678359535730688
97183678359529881600
97183678359534698496
97183678359537614848
97183678359541350400
97183678359531585536
97183678359532224512
97183678359525146624
97183678359538221056
97183678359529455616
97183678359531094016
97183678359532044288
97183678359520395264
97183678359533895680
97183678359527325696
97183678359523524608
97183678359536336896
97183678359531175936
97183678359528292352
97183678359532683264
97183678359531831296
97183678359532388352
