97183678359481548800
97183678359442194432
97183678359443505152
97183678359493246976
97183678359453761536
97183678359504683008
97183678359455711232
97183678359463886848
97183678359454318592
97183678359473618944
97183678359507058688
97183678359458627584
97183678359452172288
97183678359447945216
97183678359479959552
97183678359429152768
97183678359506059264
97183678359454547968
97183678359467212800
97183678359472799744
97183678359430070272
97183678359476207616
97183678359487512576
97183678359495376896
97183678359467048960
97183678359459905536
97183678359438327808
97183678359445585920
97183678359453368320
97183678359488217088
