1011438091502708
1011438113970812.6
1011438128383285.9
1011438100875204.6
1011438112907902
1011438120482713.6
1011438130563595.4
1011438133991959.4
1011438128401631.1
1011438101625560.8
1011438120621956.8
1011438106598117.5
1011438088213239.8
1011438123836985.9
1011438134629737.9
1011438118425509.1
1011438100885461.6
1011438107633587.1
1011438113912242.4
1011438127323851.4
1011438137214259.2
1011438121464079
1011438148370543.8
1011438106833607.6
1011438118356571.2
1011438096679726.2
1011438141811459.9
1011438092518778.2
1011438090721006.9
1011438123044883.4
