97183678359692886016
97183678359557750784
97183678360749801472
97183678359411507200
97183678360249057280
97183678358932963328
97183678358426648576
97183678359676633088
97183678358787850240
97183678359428071424
97183678360222679040
97183678359093346304
97183678359553376256
97183678359023484928
97183678359300636672
97183678359123804160
97183678359319019520
97183678359229169664
97183678360035475456
97183678359866048512
97183678359812554752
97183678359594876928
97183678359263936512
97183678359117692928
97183678360173412352
97183678358404497408
97183678359949377536
97183678359676108800
97183678359387619328
97183678358591700992
