1011438238918017.8
1011438645333119.9
1011438715716562.8
1011438995636653.2
1011437963624335.1
1011438247251347.2
1011437871338755.4
1011437944520973.9
1011438290495064
1011438384840135.9
1011437669876997.9
1011438056273538.2
1011438255377495.9
1011437359679372.9
1011438046790700.8
1011438059870845.6
1011438051179525.9
1011437926389313.8
1011438644725915.2
1011438018470581.2
1011437725718178.4
1011438128436842.1
1011438140458511.2
1011438387908780.5
1011438385094284.9
1011437839453848.8
1011437923544866.9
1011437675216990.4
1011438322546957.6
1011438063723563.8
