97183678362777632768
97183678380439191552
97183678348180045824
97183678355851804672
97183678361073975296
97183678344983822336
97183678368806469632
97183678363084423168
97183678348852772864
97183678366195728384
97183678353171398656
97183678351525675008
97183678366657986560
97183678387718291456
97183678375846215680
97183678366212112384
97183678367140167680
97183678346568351744
97183678332943630336
97183678361551634432
97183678357113782272
97183678366702960640
97183678370512011264
97183678372633296896
97183678338683027456
97183678355749961728
97183678356644954112
97183678367596527616
97183678368353533952
97183678375791460352
