1011438635223385.5
1011437867532089.2
1011438091184639.8
1011437748527211
1011437787439700.1
1011437881068165.5
1011437997107923.2
1011437760641886.1
1011438001548167.5
1011437939474266.2
1011438052386380
1011437901569776
1011438548463174.8
1011437650910543.4
1011437932420515.6
1011438277990314.2
1011438276860146.9
1011437924769381.2
1011437535049663.4
1011437963862819.2
1011438132539875.2
1011437668624899.8
1011438185316619.4
1011437864260288.1
1011438691603652.5
1011438136609665.2
1011438185428869.4
1011437711728379.6
1011437628317404.2
1011437622031181.2
