1011438186694335.8
1011438023077197.9
1011437983358478.4
1011438170310249.1
1011438311428991.2
1011438139014138.6
1011438360854709.1
1011437968610572.5
1011437914823963.2
1011437964632455.9
1011438073336566.6
1011437997857049.2
1011438203892168.8
1011438196836081.9
1011438022427989.8
1011438115129831.1
1011438237136529.2
1011438142011267.1
1011438034388866.6
1011438091709149.8
1011438160447556.2
1011438161664861
1011438073550292.2
1011438157667108.8
1011438210431392.5
1011438068535403.9
1011438074562697.1
1011437902980094.2
1011438278428327.1
1011438148138711.2
