1011438107592955.5
1011438101362597
1011438121086224
1011438103287504.5
1011438105310667.2
1011438108477422.2
1011438116768354.9
1011438105915217.1
1011438119699400
1011438105542229
1011438114031929.4
1011438110127555.1
1011438103780903
1011438108114896.4
1011438097305088.9
1011438108754478.6
1011438112650171.6
1011438111518602.2
1011438104629194.6
1011438103994101.4
1011438112779477.4
1011438111728596.9
1011438109695367.9
1011438110506571.6
1011438109018237.2
1011438117616219.6
1011438108330415.5
1011438102436178.1
1011438111764349.8
1011438113851396.6
