1011437555897558.1
1011439209584695.8
1011437895100605.4
1011439082090653.5
1011437850232297.1
1011441298860583.6
1011438184432385.5
1011437241421462
1011437472829533.4
1011439201523536
1011439997824654.9
1011438827900051.2
1011435621504026.9
1011438670501989.6
1011440098604373.6
1011436432732554.4
1011436404117438.5
1011438467287996.5
1011437296879757.6
1011438315526161.1
1011438900225083.4
1011436221936047.2
1011438510045974.9
1011439230116126
1011437756095344.1
1011436685532631
1011440444288751.1
1011436921420675.2
1011436577888517.9
1011439062228310.8
1011437699165209.2
1011437205837155.4
1011436147820643.4
1011437485482833.1
1011438830393817.8
1011437521743171
1011438839671260.1
1011439692779445.2
1011438215003858.6
1011437706811705.1
