97183678358570254336
97183678359163912192
97183678359207264256
97183678360323981312
97183678359663837184
97183678359108435968
97183678358549856256
97183678359309369344
97183678359548887040
97183678359141679104
97183678358601990144
97183678358915170304
97183678359167909888
97183678360043634688
97183678359041572864
97183678359041409024
97183678359037853696
97183678358872096768
97183678359274389504
97183678359637655552
97183678359153852416
97183678359967662080
97183678359864983552
97183678359709908992
97183678358856105984
97183678359064608768
97183678359114088448
97183678359423188992
97183678359085072384
97183678359595859968
