97183678359504158720
97183678359509516288
97183678359500849152
97183678359501012992
97183678359503618048
97183678359507107840
97183678359502716928
97183678359506944000
97183678359504404480
97183678359502258176
97183678359502585856
97183678359500472320
97183678359513890816
97183678359500914688
97183678359510089728
97183678359516479488
97183678359501619200
97183678359501307904
97183678359495671808
97183678359511973888
97183678359508779008
97183678359493836800
97183678359498342400
97183678359506124800
97183678359505321984
97183678359500488704
97183678359504453632
97183678359497129984
97183678359501750272
97183678359503749120
