1011438103303277.8
1011438101364580
1011438102069329.8
1011438088529597.8
1011438098897270
1011438101607654.6
1011438095693695.9
1011438097143951
1011438096613395.5
1011438107661575.8
1011438091423955.1
1011438093312870.5
1011438088349495.5
1011438100409602.9
1011438092626060.5
1011438092431809.5
1011438099993598.9
1011438096491247.6
1011438089187611.1
1011438095184100.8
1011438104670803.2
1011438091981091.8
1011438086499020.9
1011438095155852
1011438092880900.9
1011438091148021.2
1011438096753809
1011438096862622.6
1011438100447281.1
1011438101020346.1
