1011438052140234.6
1011438068562115.4
1011438069233328.5
1011438095341226.2
1011438083213029.6
1011438084761191.1
1011438090976653.4
1011438066119983.5
1011438065891459
1011438124461905
1011438089081487.9
1011438113022594.1
1011438063877542.1
1011438090329296
1011438099080815.5
1011438095287818.6
1011438084821519.8
1011438065795775.8
1011438105301703.4
1011438081942212.9
1011438098473559.6
1011438069918888.9
1011438096330964.2
1011438078716270.2
1011438075945822.9
1011438091614461
1011438100624911.4
1011438076192100
1011438068259170.6
1011438088957722.6
