97183678359379787776
97183678359397285888
97183678359280615424
97183678359394811904
97183678359345643520
97183678359405821952
97183678359409475584
97183678359407050752
97183678359328161792
97183678359606099968
97183678359433920512
97183678359167909888
9.7183678359367e+19
97183678359510253568
97183678359372742656
97183678359580442624
97183678359534829568
97183678359370530816
97183678359247437824
97183678359595057152
97183678359352786944
97183678359432298496
97183678359279468544
9.7183678359427e+19
97183678359481057280
97183678359456382976
97183678359300210688
97183678359528374272
97183678359407378432
97183678359330930688
