97183678375313506304
97183678340101947392
97183678342319407104
97183678343823360000
97183678354905055232
97183678347474763776
9.7183678338297e+19
97183678354930679808
97183678346705158144
97183678348210896896
97183678353498243072
97183678379792449536
97183678355734167552
97183678364850405376
97183678360824840192
97183678345793978368
97183678345263022080
97183678355386384384
97183678368484245504
97183678363612692480
97183678357358624768
97183678342227099648
97183678357605203968
97183678359711940608
97183678389288976384
97183678362957103104
97183678345417900032
97183678361488441344
97183678349052166144
97183678348578521088
