97183678373267062784
97183678360900534272
97183678374123536384
97183678342626492416
97183678357351464960
97183678359306371072
97183678366929715200
97183678348900794368
97183678356154384384
97183678354965970944
97183678354038194176
97183678358115778560
97183678357752102912
97183678352458366976
97183678347064672256
97183678357897609216
97183678342243745792
97183678378532044800
97183678344333475840
97183678371914825728
97183678365676896256
97183678349308461056
97183678361873809408
97183678388008140800
97183678365659545600
97183678370969944064
97183678356138721280
97183678372722081792
97183678348144820224
97183678338733703168
