97183678320272687104
97183678331656355840
97183678368326385664
97183678422378905600
97183678369111949312
97183678433023442944
97183678365995466752
97183678398387929088
97183678350966521856
97183678377941925888
97183678406115491840
97183678336386531328
97183678337296187392
97183678323833847808
97183678370093072384
97183678375310295040
9.7183678393703e+19
97183678383738896384
97183678361562611712
97183678275573350400
97183678384820338688
97183678363756445696
97183678371363864576
97183678362437173248
97183678396171829248
97183678355784613888
97183678282257317888
97183678407126974464
97183678341695389696
97183678393868435456
