97183678149407408128
97183678626536521728
97183678566302629888
97183678483230359552
97183678251038179328
97183678499084238848
97183677859796156416
97183678662537068544
97183678049174437888
97183678251570249728
97183678281970237440
97183678581566275584
97183678385537449984
97183678189140606976
97183678328763973632
97183678051473752064
97183678427632959488
97183678059635884032
97183678509344931840
97183678411022041088
97183678378739466240
97183678175737102336
97183678459353677824
97183678371073933312
97183678518180478976
97183677600166494208
97183678471462649856
97183678399040290816
97183677609787277312
9.7183678280618e+19
