1011435898762525.8
1011434969807194
1011437315254202.9
1011436772853609.9
1011441054154409.9
1011438197454379.8
1011434545175832.2
1011435336184238.8
1011438894137212.1
1011439538680369.5
1011442460356209.5
1011439007204327.9
1011439690178792.4
1011436498176023.8
1011438546740838
1011434211503559.1
1011439603297252.2
1011437871253674.1
1011435314775801.6
1011434864657241.6
1011435912842684.2
1011439104544524.9
1011434293081371.1
1011433732006559.9
1011433485108389.1
1011441911118267.1
1011439373777967.8
1011435403961888.5
1011438786718403.8
1011441900407808
