1011438070052618.8
1011437991875277
1011438027683605.5
1011438066683518.6
1011438196163998.6
1011438112771349.4
1011437975513684
1011438059675941.1
1011438028588896.6
1011438074579232.2
1011438070689903.8
1011438134682968.6
1011438073526637.6
1011438034402360.9
1011438107528384.4
1011438030715694.4
1011438016318518.4
1011438082334417.1
1011438068150727.5
1011438169191103.4
1011438030715264.9
1011438074610095.8
1011438076764472
1011438140071512.1
1011438025197141.6
1011438069426157.8
1011438126564851.5
1011438104256444.8
1011438136613459.8
1011438148771862.1
