1011438110404940.1
1011438110592359
1011438111056791.2
1011438110389593.5
1011438110883302.6
1011438110580472.8
1011438110994007.1
1011438110320960.2
1011438110530556
1011438110926406.5
1011438110699650.4
1011438110295011.2
1011438111045478.8
1011438110842710
1011438110562382.1
1011438110453309.4
1011438110687249.8
1011438110588589.4
1011438110692394.9
1011438110840037
1011438110670311.4
1011438110613940.5
1011438111007051.9
1011438110406960.8
1011438110829810.6
1011438110723163.6
1011438110555377.1
1011438110391847.5
1011438110540847.1
1011438110599628.6
