1011438111328305.9
1011438111475587.1
1011438113350018.9
1011438110916345.1
1011438108550563.6
1011438114143544.9
1011438109392842.2
1011438110964982.8
1011438113009769.5
1011438110554594.6
1011438111225565
1011438110418413
1011438109904069.4
1011438112365070.9
1011438108188170.8
1011438106756428
1011438110895630.6
1011438108562471.5
1011438107771740.2
1011438112168141.1
1011438112164643.4
1011438112078018.6
1011438110334022.2
1011438109032719.9
1011438113041146.9
1011438107080357.4
1011438108922180
1011438109603200.6
1011438110862454.5
1011438105805117.2
