97183678362183385088
97183678355854311424
97183678358711713792
97183678357111488512
97183678355602669568
97183678361336807424
97183678358374137856
97183678359520526336
97183678362830864384
97183678358070902784
97183678361992626176
97183678356424835072
97183678361851969536
97183678352480567296
97183678362173734912
97183678363054292992
97183678357983903744
97183678356211793920
97183678356662173696
97183678359001841664
97183678362299056128
97183678360215502848
97183678357394423808
97183678361853378560
97183678355708051456
97183678355076268032
97183678354389106688
97183678353191354368
97183678359476486144
97183678357253718016
