97183678824972746752
97183678013854892032
97183677871154937856
97183677832751661056
97183678353796104192
97183678444399951872
97183678446422097920
97183677962591961088
97183678956840189952
97183678675537575936
97183678275025567744
97183678901956182016
97183677995709726720
97183678418627772416
97183678700664586240
97183677951411027968
97183678512148611072
97183677980685860864
97183678056577646592
97183678389524643840
97183679179874910208
97183678135738892288
97183678782600724480
97183678290272141312
97183678239597346816
97183678311681015808
97183678290734317568
97183678970733592576
97183678951534542848
97183678176461930496
