1011438110687927.4
1011438112163963.1
1011438110479977.4
1011438109452993.5
1011438111912762.9
1011438111086847.8
1011438111154347.4
1011438110916998
1011438114014053.1
1011438110033011
1011438110619518.8
1011438108620705.2
1011438111352146.6
1011438111156034.2
1011438109268491.4
1011438110179424.6
1011438109151370
1011438114779987.6
1011438109230988.2
1011438108599640.4
1011438113936942.9
1011438109920226.2
1011438110273395.4
1011438109655181.2
1011438107386247.2
1011438112985620.5
1011438113134722.4
1011438110023157.8
1011438111634926.4
1011438112233177.1
