1011438110679289.5
1011438110692142.2
1011438111171316
1011438110659327.5
1011438110268796
1011438110618863.5
1011438110193843.1
1011438111503667.1
1011438109786885.8
1011438110189884.5
1011438110025390.9
1011438110897153.2
1011438110541683.5
1011438112047988.5
1011438112593967
1011438111084356.6
1011438110942280.5
1011438109969186.5
1011438110293563.8
1011438110826543.1
1011438110289337.4
1011438110465241.5
1011438111069614
1011438111433350.5
1011438109695096.1
1011438110804941
1011438111295529.2
1011438110778476.5
1011438110827360.2
1011438111144809.1
