1011437027145654.1
1011439185385953.2
1011436980171306.1
1011438041119491.6
1011442019021779
1011436712920449.4
1011440652212859.8
1011440149937106.2
1011437260268393.9
1011437202220299.5
1011438556666637.1
1011437460246844.1
1011438511576202.4
1011436016933555.9
1011437217900478.5
1011439101484168.9
1011441076584361.8
1011436572954932.9
1011437027463245.6
1011438267182123.4
1011437090752802.6
1011436354756944.5
1011436961759835.4
1011436424540914.1
1011437342499501.8
1011437747890208
1011440270412603.4
1011437734990740.4
1011434336518851
1011437454250942.4
