97183678349324222464
97183678367873286144
9.7183678327261e+19
97183678350962360320
97183678355308396544
97183678339407577088
97183678362417201152
97183678359608918016
97183678357954641920
97183678369298759680
97183678340652187648
97183678363322941440
97183678360424742912
97183678363705769984
97183678368710524928
97183678348385583104
97183678380733497344
97183678348927352832
97183678329666256896
97183678364307341312
97183678346033364992
97183678346526916608
97183678365563748352
97183678357730803712
97183678359194746880
97183678357697871872
97183678342255575040
97183678339336404992
97183678342393888768
97183678352411295744
