1011438097025414.8
1011438091829722.8
1011438097416619.9
1011438093579467.5
1011438094882603.2
1011438100347635.6
1011438094854971
1011438095086606.4
1011438098839575.4
1011438100989850.5
1011438096009726.9
1011438098895670.5
1011438103725180
1011438096301602.8
1011438101401020.5
1011438099882885.5
1011438096574514.1
1011438095257302.4
1011438096004460
1011438094170774.5
1011438095676830.1
1011438097697820.2
1011438097316391.5
1011438102243437
1011438096911312.1
1011438092267991.8
1011438096379685.6
1011438099852293.6
1011438097793960.9
1011438101810315.2
