1011438423778741
1011438744538742.6
1011438083858624
1011438363853289.8
1011437762468334.8
1011438238274120
1011438190525071.9
1011437757719966.6
1011438070636210.5
1011438915012504.6
1011438538752110.4
1011437551719863.9
1011438322387034.2
1011438496255650.9
1011437865669590
1011438434978771.8
1011437592454580.2
1011437638539723.5
1011438050850207.4
1011437837527701.6
1011438299062841.5
1011437751912149.4
1011437952811687.9
1011438280531711
1011437760083828.4
1011438206842705.1
1011438124254235.1
1011438533187308.6
1011439038345581.6
1011437432355950.2
