97183678274898067456
97183678251224449024
97183678421243494400
97183678759540310016
97183677992597667840
97183678651076476928
97183678576434970624
97183678598499090432
97183678074629177344
9.7183678504753e+19
97183678371199549440
97183678036369211392
97183678258243469312
97183677902160625664
97183678119521009664
97183678577631608832
97183678137464111104
97183677856933150720
97183678310069108736
97183678801189683200
97183677941525823488
97183678369722597376
97183678232224366592
97183678225252483072
97183678397251698688
97183678203101822976
97183678494284922880
97183678181592924160
97183678397832200192
97183678196301021184
