97183678405805817856
97183678431292112896
97183678383259189248
97183678383619325952
97183678402311897088
97183678351031402496
97183678398650531840
97183678395986788352
97183678322932793344
97183678373323964416
97183678279208583168
97183678378378952704
97183678408565424128
97183678325184069632
97183678318433746944
97183678370098511872
97183678307825303552
97183678431622610944
97183678301543759872
97183678296078958592
97183678380318883840
97183678310620610560
97183678337980399616
97183678327541022720
97183678331751202816
97183678287681961984
97183678430077566976
97183678316068618240
97183678355008356352
97183678361558204416
