1011438252321333.5
1011438071402746.2
1011438314549465.2
1011437792297272.1
1011438559806772.1
1011438151454473.4
1011437927984670.1
1011438015576590.5
1011438128792237.1
1011437924025764.8
1011438196098682.8
1011438107756257
1011437900552753.4
1011438200624069.1
1011438101550504.8
1011438129460647.8
1011438014652073.6
1011437925788987.4
1011438186871367.5
1011438103064816.4
1011437983708300.9
1011438134247595.5
1011438239363123.4
1011438102831270.5
1011437943214022.6
1011438236507694
1011438304813434.2
1011438191715100.2
1011438043045230.6
1011438283870559.1
