97183678359466475520
97183678359459774464
97183678359472406528
97183678359448682496
97183678359472570368
97183678359443161088
97183678359473176576
97183678359425073152
97183678359446814720
97183678359469359104
97183678359442800640
97183678359505551360
9.7183678359455e+19
97183678359464640512
97183678359494934528
97183678359494950912
97183678359452155904
97183678359459823616
97183678359470391296
97183678359464067072
97183678359462346752
97183678359487381504
97183678359489822720
97183678359467687936
97183678359494393856
97183678359458643968
97183678359473225728
97183678359485775872
97183678359452614656
97183678359470768128
