1011438094994256.2
1011438091263654.2
1011438095116637.6
1011438095277140.2
1011438094862288
1011438101516884.1
1011438094048953.1
1011438098826817.1
1011438092145838.8
1011438092755715.5
1011438106079013.4
1011438089998412.5
1011438094789965
1011438091272095.2
1011438091964494.8
1011438092950907.6
1011438088701596
1011438089449884.2
1011438100337657.4
1011438099702893.6
1011438091218602.4
1011438088886606.5
1011438093124191.5
1011438089531055.1
1011438093403352.1
1011438095433747.5
1011438087972267.4
1011438091969593.9
1011438097744802.9
1011438101173422.1
