97183678375631175680
97183678348558450688
97183678349327876096
97183678345307406336
97183678364742828032
97183678365384032256
97183678386295521280
97183678357101199360
97183678352981622784
97183678347057414144
97183678342019973120
97183678378589077504
97183678351609348096
97183678363054555136
97183678350845493248
97183678353240145920
97183678346402086912
97183678385986600960
97183678380379488256
97183678349773586432
97183678368709984256
97183678361793937408
97183678357561294848
97183678342310838272
97183678353009557504
97183678360555012096
97183678352687611904
97183678342504415232
97183678355725713408
97183678362389463040
