1011437040534834.2
1011437987197736.6
1011438303268038.6
1011438247893470.5
1011437889246114.2
1011438188643624.2
1011437760147189.1
1011437939532670.9
1011437309295264.1
1011438101361412.4
1011437686472023.1
1011437992426906.1
1011437300762845.6
1011438381584572.9
1011437323006122.6
1011438067190895.9
1011438341342381
1011437576685874.4
1011437613912533.4
1011437787199817.6
1011438792114751
1011438623309185.6
1011439267238809.8
1011438543262505
1011438211535258.1
1011438033706930.6
1011437317057267.9
1011438447216886.9
1011438053337610.2
1011437745316172.5
