1011438126633743.1
1011438099765054
1011438108333159.1
1011438121183662.5
1011438109737763
1011438097080460.9
1011438136802979.8
1011438114069394.4
1011438104525812.2
1011438107934404.6
1011438112508503
1011438135183491.5
1011438112789142.8
1011438101921774.2
1011438112083353.9
1011438117338989.8
1011438097866971.6
1011438125117840
1011438107698877.9
1011438100206055.4
1011438120097195.8
1011438132689171.2
1011438114238428.6
1011438112414655.4
1011438089281834.4
1011438129592912.2
1011438139137093
1011438107571589.4
1011438118917296.8
1011438069113034.8
