97183678359759208448
97183678359535534080
97183678359453548544
97183678359442227200
97183678359657857024
97183678359531323392
97183678359518724096
97183678359375888384
97183678359391666176
97183678359553179648
9.7183678359575e+19
97183678359607640064
97183678359469178880
97183678359514464256
97183678359589191680
97183678359469031424
97183678359371890688
97183678359542284288
97183678359605444608
97183678359580688384
97183678359478304768
97183678359416815616
97183678359544676352
97183678359625269248
97183678359538221056
97183678359603937280
97183678359632773120
97183678359583047680
97183678359367467008
97183678359297589248
