97183678333574578176
97183678366429069312
97183678366797676544
97183678365428678656
97183678378885971968
97183678352174268416
97183678345896624128
97183678339169058816
97183678352752164864
9.7183678369123e+19
97183678364441477120
97183678361446580224
97183678371322920960
97183678365893607424
97183678349603340288
97183678356327841792
97183678377245933568
97183678386096898048
97183678355945947136
97183678364123627520
97183678365368107008
97183678353548328960
97183678361270632448
97183678368887750656
97183678387889881088
97183678367372640256
97183678371324477440
97183678359671750656
97183678360989908992
97183678358765666304
