97183678359534911488
97183678359529521152
97183678359531110400
97183678359533617152
97183678359531880448
97183678359530979328
97183678359544365056
97183678359533502464
97183678359536484352
97183678359535058944
97183678359538384896
97183678359538745344
97183678359542317056
97183678359529373696
97183678359536156672
97183678359535124480
97183678359535468544
97183678359537844224
97183678359530340352
97183678359526375424
97183678359528407040
97183678359539286016
97183678359533010944
97183678359531782144
97183678359538679808
97183678359527407616
97183678359534354432
97183678359534354432
97183678359526981632
97183678359540531200
