1011438089156910.5
1011438101586094.2
1011438137086870.1
1011438049244563.1
1011438124313609.9
1011438117476373.2
1011438029518759.2
1011438131208174.8
1011438120498891.4
1011437987270551.1
1011438061177241.9
1011438106635082.6
1011438122977958.4
1011438056170856.9
1011438042637574.4
1011438066638255
1011438129520470.4
1011438012189481.4
1011438042932138.5
1011438085356641.1
1011438047579449.9
1011438002766924
1011438092964719.4
1011438033124716.9
1011438014242253.2
1011438076323863.1
1011438080172719.5
1011438071063011.5
1011438081803321.2
1011438106842397
