1011438110027092.2
1011438111552087.9
1011438110647484.1
1011438110549432.1
1011438110730088.4
1011438110057735.6
1011438111273587.5
1011438109995636.2
1011438110739096.5
1011438110237632.5
1011438111970343.5
1011438110630998
1011438109560126.4
1011438110943490.8
1011438110944064.8
1011438110318692.4
1011438111027831.8
1011438109927641.8
1011438110530838.8
1011438110983565.2
1011438111892125.5
1011438111351551.9
1011438110114689.9
1011438110548041.5
1011438110742449.9
1011438110848396.9
1011438111217633.5
1011438111041732.4
1011438110554033.8
1011438110370180.5
