1011437920516058
1011438100376058.5
1011437995440138.4
1011437908049242.1
1011438415152834.1
1011438001734278.9
1011437925490364.4
1011437901202961.2
1011438186645957.5
1011438019101364.5
1011438094037857.2
1011438220555712.2
1011438129711208.1
1011437820709941.8
1011438095014969.1
1011437922332828.1
1011437979568810.8
1011437902969139.2
1011438138766891.2
1011437922090902.1
1011438063561943
1011438081245830.1
1011438112118525.4
1011438024325893.5
1011438062227466.8
1011437867718435.9
1011437962296406.6
1011438207810408.9
1011438166992433.8
1011437956514498.6
