1011438100709273.4
1011438090805483
1011438099128129.9
1011438088490506.8
1011438094411408.8
1011438096552037.1
1011438100369195.1
1011438103811813.9
1011438097145016.4
1011438100731382.2
1011438090524417.8
1011438093996373.6
1011438102098409
1011438099490837.4
1011438102356225.9
1011438107632101.4
1011438089819076.9
1011438094334483.4
1011438089995483.9
1011438083556810.5
1011438093667782
1011438102069339.2
1011438097464362.8
1011438096911555.6
1011438092961697.4
1011438099488702.2
1011438090151163.4
1011438102003402.6
1011438092196151.8
1011438094093617.5
