97183678359041392640
97183678358676602880
97183678359711842304
97183678358941777920
97183678358677667840
97183678359888642048
97183678360239407104
97183678359684333568
97183678359636541440
97183678360166481920
97183678359629856768
97183678359347183616
9.7183678359168e+19
97183678358825222144
97183678360152883200
97183678359519920128
97183678359068934144
97183678358517350400
97183678359856726016
97183678359977050112
97183678359262920704
97183678360179343360
97183678359464493056
97183678359426908160
97183678359028645888
97183678359862919168
97183678359466262528
97183678358616457216
97183678359326343168
97183678360193368064
