97183678359155490816
97183678359441588224
97183678359332077568
9.7183678359306e+19
97183678359457398784
97183678359181541376
97183678359464771584
97183678359382949888
97183678359520608256
97183678359527194624
97183678359449206784
97183678359341711360
97183678359521591296
97183678359352066048
97183678359217537024
97183678359293427712
97183678359406133248
97183678359464198144
97183678359526227968
97183678359376183296
97183678359399809024
97183678359419748352
97183678359168270336
97183678359492050944
97183678359535304704
97183678359524884480
97183678359508828160
97183678359496867840
97183678359383031808
97183678359374659584
